수열의 응용. 자기 것 제외.
5명의 경우
1번= 자기 것 제외하고 4중 하나 선택
2번= 아! 1번이 2번을 선택한 경우는 4중 하나 선택이고, 2번을 선택하지 않은 경우는 3중 하나이로군
=> 수열의 단순한 응용 문제는 아님.
----------
백트레킹으로 풀고 점화식을 찾아보자.

[ 1, 0 ]
2 1
[ 1, 2, 0 ]
[ 2, 0, 1 ]
3 2
[ 1, 0, 3, 2 ]
[ 1, 2, 3, 0 ]
[ 1, 3, 0, 2 ]
[ 2, 0, 3, 1 ]
[ 2, 3, 0, 1 ]
[ 2, 3, 1, 0 ]
[ 3, 0, 1, 2 ]
[ 3, 2, 0, 1 ]
[ 3, 2, 1, 0 ]
4 9
N=4 일때
  1번=N-1개=3개 중 선택
    나머지 번호들 중 
      자기 것을 1번이 가져간 한 명은 N-1개 중 선택
      다른 놈들은 N-2개 중 선택인데 2명 남으면 경우의 수는 1

[ 1, 0, 3, 4, 2 ]
[ 1, 0, 4, 2, 3 ]
[ 1, 2, 0, 4, 3 ]
[ 1, 2, 3, 4, 0 ]
[ 1, 2, 4, 0, 3 ]
[ 1, 3, 0, 4, 2 ]
[ 1, 3, 4, 0, 2 ]
[ 1, 3, 4, 2, 0 ]
[ 1, 4, 0, 2, 3 ]
[ 1, 4, 3, 0, 2 ]
[ 1, 4, 3, 2, 0 ]
[ 2, 0, 1, 4, 3 ]
[ 2, 0, 3, 4, 1 ]
[ 2, 0, 4, 1, 3 ]
[ 2, 3, 0, 4, 1 ]
[ 2, 3, 1, 4, 0 ]
[ 2, 3, 4, 0, 1 ]
[ 2, 3, 4, 1, 0 ]
[ 2, 4, 0, 1, 3 ]
[ 2, 4, 1, 0, 3 ]
[ 2, 4, 3, 0, 1 ]
[ 2, 4, 3, 1, 0 ]
[ 3, 0, 1, 4, 2 ]
[ 3, 0, 4, 1, 2 ]
[ 3, 0, 4, 2, 1 ]
[ 3, 2, 0, 4, 1 ]
[ 3, 2, 1, 4, 0 ]
[ 3, 2, 4, 0, 1 ]
[ 3, 2, 4, 1, 0 ]
[ 3, 4, 0, 1, 2 ]
[ 3, 4, 0, 2, 1 ]
[ 3, 4, 1, 0, 2 ]
[ 3, 4, 1, 2, 0 ]
[ 4, 0, 1, 2, 3 ]
[ 4, 0, 3, 1, 2 ]
[ 4, 0, 3, 2, 1 ]
[ 4, 2, 0, 1, 3 ]
[ 4, 2, 1, 0, 3 ]
[ 4, 2, 3, 0, 1 ]
[ 4, 2, 3, 1, 0 ]
[ 4, 3, 0, 1, 2 ]
[ 4, 3, 0, 2, 1 ]
[ 4, 3, 1, 0, 2 ]
[ 4, 3, 1, 2, 0 ]
5 44
N=5 
  1번 4중 선택
  1번이 가져간 한 명 4중 선택 = 3명 남음
  
  4 * (2+3+3+3)

N=6
  5 * (3+4+4+4+4)  
