10
2 1
120
201
3 2
1032
1230
1302
2031
2301
2310
3012
3201
3210
4 9
10342
10423
12043
12340
12403
13042
13402
13420
14023
14302
14320
20143
20341
20413
23041
23140
23401
23410
24013
24103
24301
24310
30142
30412
30421
32041
32140
32401
32410
34012
34021
34102
34120
40123
40312
40321
42013
42103
42301
42310
43012
43021
43102
43120
5 44
103254
103452
103524
104253
104523
104532
105234
105423
105432
120453
120534
123054
123450
123504
124053
124503
124530
125034
125403
125430
130254
130452
130524
134052
134250
134502
134520
135024
135204
135402
135420
140253
140523
140532
143052
143250
143502
143520
145023
145032
145203
145230
150234
150423
150432
153024
153204
153402
153420
154023
154032
154203
154230
201453
201534
203154
203451
203514
204153
204513
204531
205134
205413
205431
230154
230451
230514
231054
231450
231504
234051
234150
234501
234510
235014
235104
235401
235410
240153
240513
240531
241053
241503
241530
243051
243150
243501
243510
245013
245031
245103
245130
250134
250413
250431
251034
251403
251430
253014
253104
253401
253410
254013
254031
254103
254130
301254
301452
301524
304152
304251
304512
304521
305124
305214
305412
305421
320154
320451
320514
321054
321450
321504
324051
324150
324501
324510
325014
325104
325401
325410
340152
340251
340512
340521
341052
341250
341502
341520
345012
345021
345102
345120
345201
345210
350124
350214
350412
350421
351024
351204
351402
351420
354012
354021
354102
354120
354201
354210
401253
401523
401532
403152
403251
403512
403521
405123
405132
405213
405231
420153
420513
420531
421053
421503
421530
423051
423150
423501
423510
425013
425031
425103
425130
430152
430251
430512
430521
431052
431250
431502
431520
435012
435021
435102
435120
435201
435210
450123
450132
450213
450231
451023
451032
451203
451230
453012
453021
453102
453120
453201
453210
501234
501423
501432
503124
503214
503412
503421
504123
504132
504213
504231
520134
520413
520431
521034
521403
521430
523014
523104
523401
523410
524013
524031
524103
524130
530124
530214
530412
530421
531024
531204
531402
531420
534012
534021
534102
534120
534201
534210
540123
540132
540213
540231
541023
541032
541203
541230
543012
543021
543102
543120
543201
543210
6 265
1032564
1032645
1034265
1034562
1034625
1035264
1035624
1035642
1036245
1036524
1036542
1042365
1042563
1042635
1045263
1045362
1045623
1045632
1046235
1046325
1046523
1046532
1052364
1052634
1052643
1054263
1054362
1054623
1054632
1056234
1056243
1056324
1056342
1062345
1062534
1062543
1064235
1064325
1064523
1064532
1065234
1065243
1065324
1065342
1204365
1204563
1204635
1205364
1205634
1205643
1206345
1206534
1206543
1230564
1230645
1234065
1234560
1234605
1235064
1235604
1235640
1236045
1236504
1236540
1240365
1240563
1240635
1245063
1245360
1245603
1245630
1246035
1246305
1246503
1246530
1250364
1250634
1250643
1254063
1254360
1254603
1254630
1256034
1256043
1256304
1256340
1260345
1260534
1260543
1264035
1264305
1264503
1264530
1265034
1265043
1265304
1265340
1302564
1302645
1304265
1304562
1304625
1305264
1305624
1305642
1306245
1306524
1306542
1340265
1340562
1340625
1342065
1342560
1342605
1345062
1345260
1345602
1345620
1346025
1346205
1346502
1346520
1350264
1350624
1350642
1352064
1352604
1352640
1354062
1354260
1354602
1354620
1356024
1356042
1356204
1356240
1360245
1360524
1360542
1362045
1362504
1362540
1364025
1364205
1364502
1364520
1365024
1365042
1365204
1365240
1402365
1402563
1402635
1405263
1405362
1405623
1405632
1406235
1406325
1406523
1406532
1430265
1430562
1430625
1432065
1432560
1432605
1435062
1435260
1435602
1435620
1436025
1436205
1436502
1436520
1450263
1450362
1450623
1450632
1452063
1452360
1452603
1452630
1456023
1456032
1456203
1456230
1456302
1456320
1460235
1460325
1460523
1460532
1462035
1462305
1462503
1462530
1465023
1465032
1465203
1465230
1465302
1465320
1502364
1502634
1502643
1504263
1504362
1504623
1504632
1506234
1506243
1506324
1506342
1530264
1530624
1530642
1532064
1532604
1532640
1534062
1534260
1534602
1534620
1536024
1536042
1536204
1536240
1540263
1540362
1540623
1540632
1542063
1542360
1542603
1542630
1546023
1546032
1546203
1546230
1546302
1546320
1560234
1560243
1560324
1560342
1562034
1562043
1562304
1562340
1564023
1564032
1564203
1564230
1564302
1564320
1602345
1602534
1602543
1604235
1604325
1604523
1604532
1605234
1605243
1605324
1605342
1630245
1630524
1630542
1632045
1632504
1632540
1634025
1634205
1634502
1634520
1635024
1635042
1635204
1635240
1640235
1640325
1640523
1640532
1642035
1642305
1642503
1642530
1645023
1645032
1645203
1645230
1645302
1645320
1650234
1650243
1650324
1650342
1652034
1652043
1652304
1652340
1654023
1654032
1654203
1654230
1654302
1654320
2014365
2014563
2014635
2015364
2015634
2015643
2016345
2016534
2016543
2031564
2031645
2034165
2034561
2034615
2035164
2035614
2035641
2036145
2036514
2036541
2041365
2041563
2041635
2045163
2045361
2045613
2045631
2046135
2046315
2046513
2046531
2051364
2051634
2051643
2054163
2054361
2054613
2054631
2056134
2056143
2056314
2056341
2061345
2061534
2061543
2064135
2064315
2064513
2064531
2065134
2065143
2065314
2065341
2301564
2301645
2304165
2304561
2304615
2305164
2305614
2305641
2306145
2306514
2306541
2310564
2310645
2314065
2314560
2314605
2315064
2315604
2315640
2316045
2316504
2316540
2340165
2340561
2340615
2341065
2341560
2341605
2345061
2345160
2345601
2345610
2346015
2346105
2346501
2346510
2350164
2350614
2350641
2351064
2351604
2351640
2354061
2354160
2354601
2354610
2356014
2356041
2356104
2356140
2360145
2360514
2360541
2361045
2361504
2361540
2364015
2364105
2364501
2364510
2365014
2365041
2365104
2365140
2401365
2401563
2401635
2405163
2405361
2405613
2405631
2406135
2406315
2406513
2406531
2410365
2410563
2410635
2415063
2415360
2415603
2415630
2416035
2416305
2416503
2416530
2430165
2430561
2430615
2431065
2431560
2431605
2435061
2435160
2435601
2435610
2436015
2436105
2436501
2436510
2450163
2450361
2450613
2450631
2451063
2451360
2451603
2451630
2456013
2456031
2456103
2456130
2456301
2456310
2460135
2460315
2460513
2460531
2461035
2461305
2461503
2461530
2465013
2465031
2465103
2465130
2465301
2465310
2501364
2501634
2501643
2504163
2504361
2504613
2504631
2506134
2506143
2506314
2506341
2510364
2510634
2510643
2514063
2514360
2514603
2514630
2516034
2516043
2516304
2516340
2530164
2530614
2530641
2531064
2531604
2531640
2534061
2534160
2534601
2534610
2536014
2536041
2536104
2536140
2540163
2540361
2540613
2540631
2541063
2541360
2541603
2541630
2546013
2546031
2546103
2546130
2546301
2546310
2560134
2560143
2560314
2560341
2561034
2561043
2561304
2561340
2564013
2564031
2564103
2564130
2564301
2564310
2601345
2601534
2601543
2604135
2604315
2604513
2604531
2605134
2605143
2605314
2605341
2610345
2610534
2610543
2614035
2614305
2614503
2614530
2615034
2615043
2615304
2615340
2630145
2630514
2630541
2631045
2631504
2631540
2634015
2634105
2634501
2634510
2635014
2635041
2635104
2635140
2640135
2640315
2640513
2640531
2641035
2641305
2641503
2641530
2645013
2645031
2645103
2645130
2645301
2645310
2650134
2650143
2650314
2650341
2651034
2651043
2651304
2651340
2654013
2654031
2654103
2654130
2654301
2654310
3012564
3012645
3014265
3014562
3014625
3015264
3015624
3015642
3016245
3016524
3016542
3041265
3041562
3041625
3042165
3042561
3042615
3045162
3045261
3045612
3045621
3046125
3046215
3046512
3046521
3051264
3051624
3051642
3052164
3052614
3052641
3054162
3054261
3054612
3054621
3056124
3056142
3056214
3056241
3061245
3061524
3061542
3062145
3062514
3062541
3064125
3064215
3064512
3064521
3065124
3065142
3065214
3065241
3201564
3201645
3204165
3204561
3204615
3205164
3205614
3205641
3206145
3206514
3206541
3210564
3210645
3214065
3214560
3214605
3215064
3215604
3215640
3216045
3216504
3216540
3240165
3240561
3240615
3241065
3241560
3241605
3245061
3245160
3245601
3245610
3246015
3246105
3246501
3246510
3250164
3250614
3250641
3251064
3251604
3251640
3254061
3254160
3254601
3254610
3256014
3256041
3256104
3256140
3260145
3260514
3260541
3261045
3261504
3261540
3264015
3264105
3264501
3264510
3265014
3265041
3265104
3265140
3401265
3401562
3401625
3402165
3402561
3402615
3405162
3405261
3405612
3405621
3406125
3406215
3406512
3406521
3410265
3410562
3410625
3412065
3412560
3412605
3415062
3415260
3415602
3415620
3416025
3416205
3416502
3416520
3450162
3450261
3450612
3450621
3451062
3451260
3451602
3451620
3452061
3452160
3452601
3452610
3456012
3456021
3456102
3456120
3456201
3456210
3460125
3460215
3460512
3460521
3461025
3461205
3461502
3461520
3462015
3462105
3462501
3462510
3465012
3465021
3465102
3465120
3465201
3465210
3501264
3501624
3501642
3502164
3502614
3502641
3504162
3504261
3504612
3504621
3506124
3506142
3506214
3506241
3510264
3510624
3510642
3512064
3512604
3512640
3514062
3514260
3514602
3514620
3516024
3516042
3516204
3516240
3540162
3540261
3540612
3540621
3541062
3541260
3541602
3541620
3542061
3542160
3542601
3542610
3546012
3546021
3546102
3546120
3546201
3546210
3560124
3560142
3560214
3560241
3561024
3561042
3561204
3561240
3562014
3562041
3562104
3562140
3564012
3564021
3564102
3564120
3564201
3564210
3601245
3601524
3601542
3602145
3602514
3602541
3604125
3604215
3604512
3604521
3605124
3605142
3605214
3605241
3610245
3610524
3610542
3612045
3612504
3612540
3614025
3614205
3614502
3614520
3615024
3615042
3615204
3615240
3640125
3640215
3640512
3640521
3641025
3641205
3641502
3641520
3642015
3642105
3642501
3642510
3645012
3645021
3645102
3645120
3645201
3645210
3650124
3650142
3650214
3650241
3651024
3651042
3651204
3651240
3652014
3652041
3652104
3652140
3654012
3654021
3654102
3654120
3654201
3654210
4012365
4012563
4012635
4015263
4015362
4015623
4015632
4016235
4016325
4016523
4016532
4031265
4031562
4031625
4032165
4032561
4032615
4035162
4035261
4035612
4035621
4036125
4036215
4036512
4036521
4051263
4051362
4051623
4051632
4052163
4052361
4052613
4052631
4056123
4056132
4056213
4056231
4056312
4056321
4061235
4061325
4061523
4061532
4062135
4062315
4062513
4062531
4065123
4065132
4065213
4065231
4065312
4065321
4201365
4201563
4201635
4205163
4205361
4205613
4205631
4206135
4206315
4206513
4206531
4210365
4210563
4210635
4215063
4215360
4215603
4215630
4216035
4216305
4216503
4216530
4230165
4230561
4230615
4231065
4231560
4231605
4235061
4235160
4235601
4235610
4236015
4236105
4236501
4236510
4250163
4250361
4250613
4250631
4251063
4251360
4251603
4251630
4256013
4256031
4256103
4256130
4256301
4256310
4260135
4260315
4260513
4260531
4261035
4261305
4261503
4261530
4265013
4265031
4265103
4265130
4265301
4265310
4301265
4301562
4301625
4302165
4302561
4302615
4305162
4305261
4305612
4305621
4306125
4306215
4306512
4306521
4310265
4310562
4310625
4312065
4312560
4312605
4315062
4315260
4315602
4315620
4316025
4316205
4316502
4316520
4350162
4350261
4350612
4350621
4351062
4351260
4351602
4351620
4352061
4352160
4352601
4352610
4356012
4356021
4356102
4356120
4356201
4356210
4360125
4360215
4360512
4360521
4361025
4361205
4361502
4361520
4362015
4362105
4362501
4362510
4365012
4365021
4365102
4365120
4365201
4365210
4501263
4501362
4501623
4501632
4502163
4502361
4502613
4502631
4506123
4506132
4506213
4506231
4506312
4506321
4510263
4510362
4510623
4510632
4512063
4512360
4512603
4512630
4516023
4516032
4516203
4516230
4516302
4516320
4530162
4530261
4530612
4530621
4531062
4531260
4531602
4531620
4532061
4532160
4532601
4532610
4536012
4536021
4536102
4536120
4536201
4536210
4560123
4560132
4560213
4560231
4560312
4560321
4561023
4561032
4561203
4561230
4561302
4561320
4562013
4562031
4562103
4562130
4562301
4562310
4601235
4601325
4601523
4601532
4602135
4602315
4602513
4602531
4605123
4605132
4605213
4605231
4605312
4605321
4610235
4610325
4610523
4610532
4612035
4612305
4612503
4612530
4615023
4615032
4615203
4615230
4615302
4615320
4630125
4630215
4630512
4630521
4631025
4631205
4631502
4631520
4632015
4632105
4632501
4632510
4635012
4635021
4635102
4635120
4635201
4635210
4650123
4650132
4650213
4650231
4650312
4650321
4651023
4651032
4651203
4651230
4651302
4651320
4652013
4652031
4652103
4652130
4652301
4652310
5012364
5012634
5012643
5014263
5014362
5014623
5014632
5016234
5016243
5016324
5016342
5031264
5031624
5031642
5032164
5032614
5032641
5034162
5034261
5034612
5034621
5036124
5036142
5036214
5036241
5041263
5041362
5041623
5041632
5042163
5042361
5042613
5042631
5046123
5046132
5046213
5046231
5046312
5046321
5061234
5061243
5061324
5061342
5062134
5062143
5062314
5062341
5064123
5064132
5064213
5064231
5064312
5064321
5201364
5201634
5201643
5204163
5204361
5204613
5204631
5206134
5206143
5206314
5206341
5210364
5210634
5210643
5214063
5214360
5214603
5214630
5216034
5216043
5216304
5216340
5230164
5230614
5230641
5231064
5231604
5231640
5234061
5234160
5234601
5234610
5236014
5236041
5236104
5236140
5240163
5240361
5240613
5240631
5241063
5241360
5241603
5241630
5246013
5246031
5246103
5246130
5246301
5246310
5260134
5260143
5260314
5260341
5261034
5261043
5261304
5261340
5264013
5264031
5264103
5264130
5264301
5264310
5301264
5301624
5301642
5302164
5302614
5302641
5304162
5304261
5304612
5304621
5306124
5306142
5306214
5306241
5310264
5310624
5310642
5312064
5312604
5312640
5314062
5314260
5314602
5314620
5316024
5316042
5316204
5316240
5340162
5340261
5340612
5340621
5341062
5341260
5341602
5341620
5342061
5342160
5342601
5342610
5346012
5346021
5346102
5346120
5346201
5346210
5360124
5360142
5360214
5360241
5361024
5361042
5361204
5361240
5362014
5362041
5362104
5362140
5364012
5364021
5364102
5364120
5364201
5364210
5401263
5401362
5401623
5401632
5402163
5402361
5402613
5402631
5406123
5406132
5406213
5406231
5406312
5406321
5410263
5410362
5410623
5410632
5412063
5412360
5412603
5412630
5416023
5416032
5416203
5416230
5416302
5416320
5430162
5430261
5430612
5430621
5431062
5431260
5431602
5431620
5432061
5432160
5432601
5432610
5436012
5436021
5436102
5436120
5436201
5436210
5460123
5460132
5460213
5460231
5460312
5460321
5461023
5461032
5461203
5461230
5461302
5461320
5462013
5462031
5462103
5462130
5462301
5462310
5601234
5601243
5601324
5601342
5602134
5602143
5602314
5602341
5604123
5604132
5604213
5604231
5604312
5604321
5610234
5610243
5610324
5610342
5612034
5612043
5612304
5612340
5614023
5614032
5614203
5614230
5614302
5614320
5630124
5630142
5630214
5630241
5631024
5631042
5631204
5631240
5632014
5632041
5632104
5632140
5634012
5634021
5634102
5634120
5634201
5634210
5640123
5640132
5640213
5640231
5640312
5640321
5641023
5641032
5641203
5641230
5641302
5641320
5642013
5642031
5642103
5642130
5642301
5642310
6012345
6012534
6012543
6014235
6014325
6014523
6014532
6015234
6015243
6015324
6015342
6031245
6031524
6031542
6032145
6032514
6032541
6034125
6034215
6034512
6034521
6035124
6035142
6035214
6035241
6041235
6041325
6041523
6041532
6042135
6042315
6042513
6042531
6045123
6045132
6045213
6045231
6045312
6045321
6051234
6051243
6051324
6051342
6052134
6052143
6052314
6052341
6054123
6054132
6054213
6054231
6054312
6054321
6201345
6201534
6201543
6204135
6204315
6204513
6204531
6205134
6205143
6205314
6205341
6210345
6210534
6210543
6214035
6214305
6214503
6214530
6215034
6215043
6215304
6215340
6230145
6230514
6230541
6231045
6231504
6231540
6234015
6234105
6234501
6234510
6235014
6235041
6235104
6235140
6240135
6240315
6240513
6240531
6241035
6241305
6241503
6241530
6245013
6245031
6245103
6245130
6245301
6245310
6250134
6250143
6250314
6250341
6251034
6251043
6251304
6251340
6254013
6254031
6254103
6254130
6254301
6254310
6301245
6301524
6301542
6302145
6302514
6302541
6304125
6304215
6304512
6304521
6305124
6305142
6305214
6305241
6310245
6310524
6310542
6312045
6312504
6312540
6314025
6314205
6314502
6314520
6315024
6315042
6315204
6315240
6340125
6340215
6340512
6340521
6341025
6341205
6341502
6341520
6342015
6342105
6342501
6342510
6345012
6345021
6345102
6345120
6345201
6345210
6350124
6350142
6350214
6350241
6351024
6351042
6351204
6351240
6352014
6352041
6352104
6352140
6354012
6354021
6354102
6354120
6354201
6354210
6401235
6401325
6401523
6401532
6402135
6402315
6402513
6402531
6405123
6405132
6405213
6405231
6405312
6405321
6410235
6410325
6410523
6410532
6412035
6412305
6412503
6412530
6415023
6415032
6415203
6415230
6415302
6415320
6430125
6430215
6430512
6430521
6431025
6431205
6431502
6431520
6432015
6432105
6432501
6432510
6435012
6435021
6435102
6435120
6435201
6435210
6450123
6450132
6450213
6450231
6450312
6450321
6451023
6451032
6451203
6451230
6451302
6451320
6452013
6452031
6452103
6452130
6452301
6452310
6501234
6501243
6501324
6501342
6502134
6502143
6502314
6502341
6504123
6504132
6504213
6504231
6504312
6504321
6510234
6510243
6510324
6510342
6512034
6512043
6512304
6512340
6514023
6514032
6514203
6514230
6514302
6514320
6530124
6530142
6530214
6530241
6531024
6531042
6531204
6531240
6532014
6532041
6532104
6532140
6534012
6534021
6534102
6534120
6534201
6534210
6540123
6540132
6540213
6540231
6540312
6540321
6541023
6541032
6541203
6541230
6541302
6541320
6542013
6542031
6542103
6542130
6542301
6542310
7 1854
