62 600 7185
1 2
1 3
1 4
1 5
1 6
1 7
1 8
1 9
1 10
2 3
2 4
2 5
2 6
2 7
2 8
2 9
2 10
2 11
3 4
3 5
3 6
3 7
3 8
3 9
3 10
3 11
3 12
4 5
4 6
4 7
4 8
4 9
4 10
4 11
4 12
4 13
5 6
5 7
5 8
5 9
5 10
5 11
5 12
5 13
5 14
6 7
6 8
6 9
6 10
6 11
6 12
6 13
6 14
6 15
7 8
7 9
7 10
7 11
7 12
7 13
7 14
7 15
7 16
8 9
8 10
8 11
8 12
8 13
8 14
8 15
8 16
8 17
9 10
9 11
9 12
9 13
9 14
9 15
9 16
9 17
9 18
10 11
10 12
10 13
10 14
10 15
10 16
10 17
10 18
10 19
11 12
11 13
11 14
11 15
11 16
11 17
11 18
11 19
11 20
12 13
12 14
12 15
12 16
12 17
12 18
12 19
12 20
12 21
13 14
13 15
13 16
13 17
13 18
13 19
13 20
13 21
13 22
14 15
14 16
14 17
14 18
14 19
14 20
14 21
14 22
14 23
15 16
15 17
15 18
15 19
15 20
15 21
15 22
15 23
15 24
16 17
16 18
16 19
16 20
16 21
16 22
16 23
16 24
16 25
17 18
17 19
17 20
17 21
17 22
17 23
17 24
17 25
17 26
18 19
18 20
18 21
18 22
18 23
18 24
18 25
18 26
18 27
19 20
19 21
19 22
19 23
19 24
19 25
19 26
19 27
19 28
20 21
20 22
20 23
20 24
20 25
20 26
20 27
20 28
20 29
21 22
21 23
21 24
21 25
21 26
21 27
21 28
21 29
21 30
22 23
22 24
22 25
22 26
22 27
22 28
22 29
22 30
22 31
23 24
23 25
23 26
23 27
23 28
23 29
23 30
23 31
23 32
24 25
24 26
24 27
24 28
24 29
24 30
24 31
24 32
24 33
25 26
25 27
25 28
25 29
25 30
25 31
25 32
25 33
25 34
26 27
26 28
26 29
26 30
26 31
26 32
26 33
26 34
26 35
27 28
27 29
27 30
27 31
27 32
27 33
27 34
27 35
27 36
28 29
28 30
28 31
28 32
28 33
28 34
28 35
28 36
28 37
29 30
29 31
29 32
29 33
29 34
29 35
29 36
29 37
29 38
30 31
30 32
30 33
30 34
30 35
30 36
30 37
30 38
30 39
31 32
31 33
31 34
31 35
31 36
31 37
31 38
31 39
31 40
32 33
32 34
32 35
32 36
32 37
32 38
32 39
32 40
32 41
33 34
33 35
33 36
33 37
33 38
33 39
33 40
33 41
33 42
34 35
34 36
34 37
34 38
34 39
34 40
34 41
34 42
34 43
35 36
35 37
35 38
35 39
35 40
35 41
35 42
35 43
35 44
36 37
36 38
36 39
36 40
36 41
36 42
36 43
36 44
36 45
37 38
37 39
37 40
37 41
37 42
37 43
37 44
37 45
37 46
38 39
38 40
38 41
38 42
38 43
38 44
38 45
38 46
38 47
39 40
39 41
39 42
39 43
39 44
39 45
39 46
39 47
39 48
40 41
40 42
40 43
40 44
40 45
40 46
40 47
40 48
40 49
41 42
41 43
41 44
41 45
41 46
41 47
41 48
41 49
41 50
42 43
42 44
42 45
42 46
42 47
42 48
42 49
42 50
42 51
43 44
43 45
43 46
43 47
43 48
43 49
43 50
43 51
43 52
44 45
44 46
44 47
44 48
44 49
44 50
44 51
44 52
44 53
45 46
45 47
45 48
45 49
45 50
45 51
45 52
45 53
45 54
46 47
46 48
46 49
46 50
46 51
46 52
46 53
46 54
46 55
47 48
47 49
47 50
47 51
47 52
47 53
47 54
47 55
47 56
48 49
48 50
48 51
48 52
48 53
48 54
48 55
48 56
48 57
49 50
49 51
49 52
49 53
49 54
49 55
49 56
49 57
49 58
50 51
50 52
50 53
50 54
50 55
50 56
50 57
50 58
50 59
51 52
51 53
51 54
51 55
51 56
51 57
51 58
51 59
51 60
52 53
52 54
52 55
52 56
52 57
52 58
52 59
52 60
52 61
53 54
53 55
53 56
53 57
53 58
53 59
53 60
53 61
53 62
54 55
54 56
54 57
54 58
54 59
54 60
54 61
54 62
54 63
55 56
55 57
55 58
55 59
55 60
55 61
55 62
55 63
55 64
56 57
56 58
56 59
56 60
56 61
56 62
56 63
56 64
56 65
57 58
57 59
57 60
57 61
57 62
57 63
57 64
57 65
57 66
58 59
58 60
58 61
58 62
58 63
58 64
58 65
58 66
58 67
59 60
59 61
59 62
59 63
59 64
59 65
59 66
59 67
59 68
60 61
60 62
60 63
60 64
60 65
60 66
60 67
60 68
60 69
61 62
61 63
61 64
61 65
61 66
61 67
61 68
61 69
61 70
62 63
62 64
62 65
62 66
62 67
62 68
62 69
62 70
62 71
63 64
63 65
63 66
63 67
63 68
63 69
63 70
63 71
63 72
64 65
64 66
64 67
64 68
64 69
64 70
64 71
64 72
64 73
65 66
65 67
65 68
65 69
65 70
65 71
65 72
65 73
65 74
66 67
66 68
66 69
66 70
66 71
66 72
66 73
66 74
66 75
67 68
67 69
67 70
67 71
67 72
67 73
67 74
67 75
67 76
68 69
68 70
68 71
68 72
68 73
68 74
68 75
68 76
68 77
69 70
69 71
69 72
69 73
69 74
69 75
69 76
69 77
69 78
70 71
70 72
70 73
70 74
70 75
70 76
70 77
70 78
70 79
71 72
71 73
71 74
71 75
71 76
71 77
71 78
71 79
71 80
72 73
72 74
72 75
72 76
72 77
72 78
72 79
72 80
72 81
73 74
73 75
73 76
73 77
73 78
73 79
73 80
73 81
73 82
74 75
74 76
74 77
74 78
74 79
74 80
74 81
74 82
74 83
75 76
75 77
75 78
75 79
75 80
75 81
75 82
75 83
75 84
76 77
76 78
76 79
76 80
76 81
76 82
76 83
76 84
76 85
77 78
77 79
77 80
77 81
77 82
77 83
77 84
77 85
77 86
78 79
78 80
78 81
78 82
78 83
78 84
78 85
78 86
78 87
79 80
79 81
79 82
79 83
79 84
79 85
79 86
79 87
79 88
80 81
80 82
80 83
80 84
80 85
80 86
80 87
80 88
80 89
81 82
81 83
81 84
81 85
81 86
81 87
81 88
81 89
81 90
82 83
82 84
82 85
82 86
82 87
82 88
82 89
82 90
82 91
83 84
83 85
83 86
83 87
83 88
83 89
83 90
83 91
83 92
84 85
84 86
84 87
84 88
84 89
84 90
84 91
84 92
84 93
85 86
85 87
85 88
85 89
85 90
85 91
85 92
85 93
85 94
86 87
86 88
86 89
86 90
86 91
86 92
86 93
86 94
86 95
87 88
87 89
87 90
87 91
87 92
87 93
87 94
87 95
87 96
88 89
88 90
88 91
88 92
88 93
88 94
88 95
88 96
88 97
89 90
89 91
89 92
89 93
89 94
89 95
89 96
89 97
89 98
90 91
90 92
90 93
90 94
90 95
90 96
90 97
90 98
90 99
91 92
91 93
91 94
91 95
91 96
91 97
91 98
91 99
91 100
92 93
92 94
92 95
92 96
92 97
92 98
92 99
92 100
92 101
93 94
93 95
93 96
93 97
93 98
93 99
93 100
93 101
93 102
94 95
94 96
94 97
94 98
94 99
94 100
94 101
94 102
94 103
95 96
95 97
95 98
95 99
95 100
95 101
95 102
95 103
95 104
96 97
96 98
96 99
96 100
96 101
96 102
96 103
96 104
96 105
97 98
97 99
97 100
97 101
97 102
97 103
97 104
97 105
97 106
98 99
98 100
98 101
98 102
98 103
98 104
98 105
98 106
98 107
99 100
99 101
99 102
99 103
99 104
99 105
99 106
99 107
99 108
100 101
100 102
100 103
100 104
100 105
100 106
100 107
100 108
100 109
101 102
101 103
101 104
101 105
101 106
101 107
101 108
101 109
101 110
102 103
102 104
102 105
102 106
102 107
102 108
102 109
102 110
102 111
103 104
103 105
103 106
103 107
103 108
103 109
103 110
103 111
103 112
104 105
104 106
104 107
104 108
104 109
104 110
104 111
104 112
104 113
105 106
105 107
105 108
105 109
105 110
105 111
105 112
105 113
105 114
106 107
106 108
106 109
106 110
106 111
106 112
106 113
106 114
106 115
107 108
107 109
107 110
107 111
107 112
107 113
107 114
107 115
107 116
108 109
108 110
108 111
108 112
108 113
108 114
108 115
108 116
108 117
109 110
109 111
109 112
109 113
109 114
109 115
109 116
109 117
109 118
110 111
110 112
110 113
110 114
110 115
110 116
110 117
110 118
110 119
111 112
111 113
111 114
111 115
111 116
111 117
111 118
111 119
111 120
112 113
112 114
112 115
112 116
112 117
112 118
112 119
112 120
112 121
113 114
113 115
113 116
113 117
113 118
113 119
113 120
113 121
113 122
114 115
114 116
114 117
114 118
114 119
114 120
114 121
114 122
114 123
115 116
115 117
115 118
115 119
115 120
115 121
115 122
115 123
115 124
116 117
116 118
116 119
116 120
116 121
116 122
116 123
116 124
116 125
117 118
117 119
117 120
117 121
117 122
117 123
117 124
117 125
117 126
118 119
118 120
118 121
118 122
118 123
118 124
118 125
118 126
118 127
119 120
119 121
119 122
119 123
119 124
119 125
119 126
119 127
119 128
120 121
120 122
120 123
120 124
120 125
120 126
120 127
120 128
120 129
121 122
121 123
121 124
121 125
121 126
121 127
121 128
121 129
121 130
122 123
122 124
122 125
122 126
122 127
122 128
122 129
122 130
122 131
123 124
123 125
123 126
123 127
123 128
123 129
123 130
123 131
123 132
124 125
124 126
124 127
124 128
124 129
124 130
124 131
124 132
124 133
125 126
125 127
125 128
125 129
125 130
125 131
125 132
125 133
125 134
126 127
126 128
126 129
126 130
126 131
126 132
126 133
126 134
126 135
127 128
127 129
127 130
127 131
127 132
127 133
127 134
127 135
127 136
128 129
128 130
128 131
128 132
128 133
128 134
128 135
128 136
128 137
129 130
129 131
129 132
129 133
129 134
129 135
129 136
129 137
129 138
130 131
130 132
130 133
130 134
130 135
130 136
130 137
130 138
130 139
131 132
131 133
131 134
131 135
131 136
131 137
131 138
131 139
131 140
132 133
132 134
132 135
132 136
132 137
132 138
132 139
132 140
132 141
133 134
133 135
133 136
133 137
133 138
133 139
133 140
133 141
133 142
134 135
134 136
134 137
134 138
134 139
134 140
134 141
134 142
134 143
135 136
135 137
135 138
135 139
135 140
135 141
135 142
135 143
135 144
136 137
136 138
136 139
136 140
136 141
136 142
136 143
136 144
136 145
137 138
137 139
137 140
137 141
137 142
137 143
137 144
137 145
137 146
138 139
138 140
138 141
138 142
138 143
138 144
138 145
138 146
138 147
139 140
139 141
139 142
139 143
139 144
139 145
139 146
139 147
139 148
140 141
140 142
140 143
140 144
140 145
140 146
140 147
140 148
140 149
141 142
141 143
141 144
141 145
141 146
141 147
141 148
141 149
141 150
142 143
142 144
142 145
142 146
142 147
142 148
142 149
142 150
142 151
143 144
143 145
143 146
143 147
143 148
143 149
143 150
143 151
143 152
144 145
144 146
144 147
144 148
144 149
144 150
144 151
144 152
144 153
145 146
145 147
145 148
145 149
145 150
145 151
145 152
145 153
145 154
146 147
146 148
146 149
146 150
146 151
146 152
146 153
146 154
146 155
147 148
147 149
147 150
147 151
147 152
147 153
147 154
147 155
147 156
148 149
148 150
148 151
148 152
148 153
148 154
148 155
148 156
148 157
149 150
149 151
149 152
149 153
149 154
149 155
149 156
149 157
149 158
150 151
150 152
150 153
150 154
150 155
150 156
150 157
150 158
150 159
151 152
151 153
151 154
151 155
151 156
151 157
151 158
151 159
151 160
152 153
152 154
152 155
152 156
152 157
152 158
152 159
152 160
152 161
153 154
153 155
153 156
153 157
153 158
153 159
153 160
153 161
153 162
154 155
154 156
154 157
154 158
154 159
154 160
154 161
154 162
154 163
155 156
155 157
155 158
155 159
155 160
155 161
155 162
155 163
155 164
156 157
156 158
156 159
156 160
156 161
156 162
156 163
156 164
156 165
157 158
157 159
157 160
157 161
157 162
157 163
157 164
157 165
157 166
158 159
158 160
158 161
158 162
158 163
158 164
158 165
158 166
158 167
159 160
159 161
159 162
159 163
159 164
159 165
159 166
159 167
159 168
160 161
160 162
160 163
160 164
160 165
160 166
160 167
160 168
160 169
161 162
161 163
161 164
161 165
161 166
161 167
161 168
161 169
161 170
162 163
162 164
162 165
162 166
162 167
162 168
162 169
162 170
162 171
163 164
163 165
163 166
163 167
163 168
163 169
163 170
163 171
163 172
164 165
164 166
164 167
164 168
164 169
164 170
164 171
164 172
164 173
165 166
165 167
165 168
165 169
165 170
165 171
165 172
165 173
165 174
166 167
166 168
166 169
166 170
166 171
166 172
166 173
166 174
166 175
167 168
167 169
167 170
167 171
167 172
167 173
167 174
167 175
167 176
168 169
168 170
168 171
168 172
168 173
168 174
168 175
168 176
168 177
169 170
169 171
169 172
169 173
169 174
169 175
169 176
169 177
169 178
170 171
170 172
170 173
170 174
170 175
170 176
170 177
170 178
170 179
171 172
171 173
171 174
171 175
171 176
171 177
171 178
171 179
171 180
172 173
172 174
172 175
172 176
172 177
172 178
172 179
172 180
172 181
173 174
173 175
173 176
173 177
173 178
173 179
173 180
173 181
173 182
174 175
174 176
174 177
174 178
174 179
174 180
174 181
174 182
174 183
175 176
175 177
175 178
175 179
175 180
175 181
175 182
175 183
175 184
176 177
176 178
176 179
176 180
176 181
176 182
176 183
176 184
176 185
177 178
177 179
177 180
177 181
177 182
177 183
177 184
177 185
177 186
178 179
178 180
178 181
178 182
178 183
178 184
178 185
178 186
178 187
179 180
179 181
179 182
179 183
179 184
179 185
179 186
179 187
179 188
180 181
180 182
180 183
180 184
180 185
180 186
180 187
180 188
180 189
181 182
181 183
181 184
181 185
181 186
181 187
181 188
181 189
181 190
182 183
182 184
182 185
182 186
182 187
182 188
182 189
182 190
182 191
183 184
183 185
183 186
183 187
183 188
183 189
183 190
183 191
183 192
184 185
184 186
184 187
184 188
184 189
184 190
184 191
184 192
184 193
185 186
185 187
185 188
185 189
185 190
185 191
185 192
185 193
185 194
186 187
186 188
186 189
186 190
186 191
186 192
186 193
186 194
186 195
187 188
187 189
187 190
187 191
187 192
187 193
187 194
187 195
187 196
188 189
188 190
188 191
188 192
188 193
188 194
188 195
188 196
188 197
189 190
189 191
189 192
189 193
189 194
189 195
189 196
189 197
189 198
190 191
190 192
190 193
190 194
190 195
190 196
190 197
190 198
190 199
191 192
191 193
191 194
191 195
191 196
191 197
191 198
191 199
191 200
192 193
192 194
192 195
192 196
192 197
192 198
192 199
192 200
192 201
193 194
193 195
193 196
193 197
193 198
193 199
193 200
193 201
193 202
194 195
194 196
194 197
194 198
194 199
194 200
194 201
194 202
194 203
195 196
195 197
195 198
195 199
195 200
195 201
195 202
195 203
195 204
196 197
196 198
196 199
196 200
196 201
196 202
196 203
196 204
196 205
197 198
197 199
197 200
197 201
197 202
197 203
197 204
197 205
197 206
198 199
198 200
198 201
198 202
198 203
198 204
198 205
198 206
198 207
199 200
199 201
199 202
199 203
199 204
199 205
199 206
199 207
199 208
200 201
200 202
200 203
200 204
200 205
200 206
200 207
200 208
200 209
201 202
201 203
201 204
201 205
201 206
201 207
201 208
201 209
201 210
202 203
202 204
202 205
202 206
202 207
202 208
202 209
202 210
202 211
203 204
203 205
203 206
203 207
203 208
203 209
203 210
203 211
203 212
204 205
204 206
204 207
204 208
204 209
204 210
204 211
204 212
204 213
205 206
205 207
205 208
205 209
205 210
205 211
205 212
205 213
205 214
206 207
206 208
206 209
206 210
206 211
206 212
206 213
206 214
206 215
207 208
207 209
207 210
207 211
207 212
207 213
207 214
207 215
207 216
208 209
208 210
208 211
208 212
208 213
208 214
208 215
208 216
208 217
209 210
209 211
209 212
209 213
209 214
209 215
209 216
209 217
209 218
210 211
210 212
210 213
210 214
210 215
210 216
210 217
210 218
210 219
211 212
211 213
211 214
211 215
211 216
211 217
211 218
211 219
211 220
212 213
212 214
212 215
212 216
212 217
212 218
212 219
212 220
212 221
213 214
213 215
213 216
213 217
213 218
213 219
213 220
213 221
213 222
214 215
214 216
214 217
214 218
214 219
214 220
214 221
214 222
214 223
215 216
215 217
215 218
215 219
215 220
215 221
215 222
215 223
215 224
216 217
216 218
216 219
216 220
216 221
216 222
216 223
216 224
216 225
217 218
217 219
217 220
217 221
217 222
217 223
217 224
217 225
217 226
218 219
218 220
218 221
218 222
218 223
218 224
218 225
218 226
218 227
219 220
219 221
219 222
219 223
219 224
219 225
219 226
219 227
219 228
220 221
220 222
220 223
220 224
220 225
220 226
220 227
220 228
220 229
221 222
221 223
221 224
221 225
221 226
221 227
221 228
221 229
221 230
222 223
222 224
222 225
222 226
222 227
222 228
222 229
222 230
222 231
223 224
223 225
223 226
223 227
223 228
223 229
223 230
223 231
223 232
224 225
224 226
224 227
224 228
224 229
224 230
224 231
224 232
224 233
225 226
225 227
225 228
225 229
225 230
225 231
225 232
225 233
225 234
226 227
226 228
226 229
226 230
226 231
226 232
226 233
226 234
226 235
227 228
227 229
227 230
227 231
227 232
227 233
227 234
227 235
227 236
228 229
228 230
228 231
228 232
228 233
228 234
228 235
228 236
228 237
229 230
229 231
229 232
229 233
229 234
229 235
229 236
229 237
229 238
230 231
230 232
230 233
230 234
230 235
230 236
230 237
230 238
230 239
231 232
231 233
231 234
231 235
231 236
231 237
231 238
231 239
231 240
232 233
232 234
232 235
232 236
232 237
232 238
232 239
232 240
232 241
233 234
233 235
233 236
233 237
233 238
233 239
233 240
233 241
233 242
234 235
234 236
234 237
234 238
234 239
234 240
234 241
234 242
234 243
235 236
235 237
235 238
235 239
235 240
235 241
235 242
235 243
235 244
236 237
236 238
236 239
236 240
236 241
236 242
236 243
236 244
236 245
237 238
237 239
237 240
237 241
237 242
237 243
237 244
237 245
237 246
238 239
238 240
238 241
238 242
238 243
238 244
238 245
238 246
238 247
239 240
239 241
239 242
239 243
239 244
239 245
239 246
239 247
239 248
240 241
240 242
240 243
240 244
240 245
240 246
240 247
240 248
240 249
241 242
241 243
241 244
241 245
241 246
241 247
241 248
241 249
241 250
242 243
242 244
242 245
242 246
242 247
242 248
242 249
242 250
242 251
243 244
243 245
243 246
243 247
243 248
243 249
243 250
243 251
243 252
244 245
244 246
244 247
244 248
244 249
244 250
244 251
244 252
244 253
245 246
245 247
245 248
245 249
245 250
245 251
245 252
245 253
245 254
246 247
246 248
246 249
246 250
246 251
246 252
246 253
246 254
246 255
247 248
247 249
247 250
247 251
247 252
247 253
247 254
247 255
247 256
248 249
248 250
248 251
248 252
248 253
248 254
248 255
248 256
248 257
249 250
249 251
249 252
249 253
249 254
249 255
249 256
249 257
249 258
250 251
250 252
250 253
250 254
250 255
250 256
250 257
250 258
250 259
251 252
251 253
251 254
251 255
251 256
251 257
251 258
251 259
251 260
252 253
252 254
252 255
252 256
252 257
252 258
252 259
252 260
252 261
253 254
253 255
253 256
253 257
253 258
253 259
253 260
253 261
253 262
254 255
254 256
254 257
254 258
254 259
254 260
254 261
254 262
254 263
255 256
255 257
255 258
255 259
255 260
255 261
255 262
255 263
255 264
256 257
256 258
256 259
256 260
256 261
256 262
256 263
256 264
256 265
257 258
257 259
257 260
257 261
257 262
257 263
257 264
257 265
257 266
258 259
258 260
258 261
258 262
258 263
258 264
258 265
258 266
258 267
259 260
259 261
259 262
259 263
259 264
259 265
259 266
259 267
259 268
260 261
260 262
260 263
260 264
260 265
260 266
260 267
260 268
260 269
261 262
261 263
261 264
261 265
261 266
261 267
261 268
261 269
261 270
262 263
262 264
262 265
262 266
262 267
262 268
262 269
262 270
262 271
263 264
263 265
263 266
263 267
263 268
263 269
263 270
263 271
263 272
264 265
264 266
264 267
264 268
264 269
264 270
264 271
264 272
264 273
265 266
265 267
265 268
265 269
265 270
265 271
265 272
265 273
265 274
266 267
266 268
266 269
266 270
266 271
266 272
266 273
266 274
266 275
267 268
267 269
267 270
267 271
267 272
267 273
267 274
267 275
267 276
268 269
268 270
268 271
268 272
268 273
268 274
268 275
268 276
268 277
269 270
269 271
269 272
269 273
269 274
269 275
269 276
269 277
269 278
270 271
270 272
270 273
270 274
270 275
270 276
270 277
270 278
270 279
271 272
271 273
271 274
271 275
271 276
271 277
271 278
271 279
271 280
272 273
272 274
272 275
272 276
272 277
272 278
272 279
272 280
272 281
273 274
273 275
273 276
273 277
273 278
273 279
273 280
273 281
273 282
274 275
274 276
274 277
274 278
274 279
274 280
274 281
274 282
274 283
275 276
275 277
275 278
275 279
275 280
275 281
275 282
275 283
275 284
276 277
276 278
276 279
276 280
276 281
276 282
276 283
276 284
276 285
277 278
277 279
277 280
277 281
277 282
277 283
277 284
277 285
277 286
278 279
278 280
278 281
278 282
278 283
278 284
278 285
278 286
278 287
279 280
279 281
279 282
279 283
279 284
279 285
279 286
279 287
279 288
280 281
280 282
280 283
280 284
280 285
280 286
280 287
280 288
280 289
281 282
281 283
281 284
281 285
281 286
281 287
281 288
281 289
281 290
282 283
282 284
282 285
282 286
282 287
282 288
282 289
282 290
282 291
283 284
283 285
283 286
283 287
283 288
283 289
283 290
283 291
283 292
284 285
284 286
284 287
284 288
284 289
284 290
284 291
284 292
284 293
285 286
285 287
285 288
285 289
285 290
285 291
285 292
285 293
285 294
286 287
286 288
286 289
286 290
286 291
286 292
286 293
286 294
286 295
287 288
287 289
287 290
287 291
287 292
287 293
287 294
287 295
287 296
288 289
288 290
288 291
288 292
288 293
288 294
288 295
288 296
288 297
289 290
289 291
289 292
289 293
289 294
289 295
289 296
289 297
289 298
290 291
290 292
290 293
290 294
290 295
290 296
290 297
290 298
290 299
291 292
291 293
291 294
291 295
291 296
291 297
291 298
291 299
291 300
292 293
292 294
292 295
292 296
292 297
292 298
292 299
292 300
292 301
293 294
293 295
293 296
293 297
293 298
293 299
293 300
293 301
293 302
294 295
294 296
294 297
294 298
294 299
294 300
294 301
294 302
294 303
295 296
295 297
295 298
295 299
295 300
295 301
295 302
295 303
295 304
296 297
296 298
296 299
296 300
296 301
296 302
296 303
296 304
296 305
297 298
297 299
297 300
297 301
297 302
297 303
297 304
297 305
297 306
298 299
298 300
298 301
298 302
298 303
298 304
298 305
298 306
298 307
299 300
299 301
299 302
299 303
299 304
299 305
299 306
299 307
299 308
300 301
300 302
300 303
300 304
300 305
300 306
300 307
300 308
300 309
301 302
301 303
301 304
301 305
301 306
301 307
301 308
301 309
301 310
302 303
302 304
302 305
302 306
302 307
302 308
302 309
302 310
302 311
303 304
303 305
303 306
303 307
303 308
303 309
303 310
303 311
303 312
304 305
304 306
304 307
304 308
304 309
304 310
304 311
304 312
304 313
305 306
305 307
305 308
305 309
305 310
305 311
305 312
305 313
305 314
306 307
306 308
306 309
306 310
306 311
306 312
306 313
306 314
306 315
307 308
307 309
307 310
307 311
307 312
307 313
307 314
307 315
307 316
308 309
308 310
308 311
308 312
308 313
308 314
308 315
308 316
308 317
309 310
309 311
309 312
309 313
309 314
309 315
309 316
309 317
309 318
310 311
310 312
310 313
310 314
310 315
310 316
310 317
310 318
310 319
311 312
311 313
311 314
311 315
311 316
311 317
311 318
311 319
311 320
312 313
312 314
312 315
312 316
312 317
312 318
312 319
312 320
312 321
313 314
313 315
313 316
313 317
313 318
313 319
313 320
313 321
313 322
314 315
314 316
314 317
314 318
314 319
314 320
314 321
314 322
314 323
315 316
315 317
315 318
315 319
315 320
315 321
315 322
315 323
315 324
316 317
316 318
316 319
316 320
316 321
316 322
316 323
316 324
316 325
317 318
317 319
317 320
317 321
317 322
317 323
317 324
317 325
317 326
318 319
318 320
318 321
318 322
318 323
318 324
318 325
318 326
318 327
319 320
319 321
319 322
319 323
319 324
319 325
319 326
319 327
319 328
320 321
320 322
320 323
320 324
320 325
320 326
320 327
320 328
320 329
321 322
321 323
321 324
321 325
321 326
321 327
321 328
321 329
321 330
322 323
322 324
322 325
322 326
322 327
322 328
322 329
322 330
322 331
323 324
323 325
323 326
323 327
323 328
323 329
323 330
323 331
323 332
324 325
324 326
324 327
324 328
324 329
324 330
324 331
324 332
324 333
325 326
325 327
325 328
325 329
325 330
325 331
325 332
325 333
325 334
326 327
326 328
326 329
326 330
326 331
326 332
326 333
326 334
326 335
327 328
327 329
327 330
327 331
327 332
327 333
327 334
327 335
327 336
328 329
328 330
328 331
328 332
328 333
328 334
328 335
328 336
328 337
329 330
329 331
329 332
329 333
329 334
329 335
329 336
329 337
329 338
330 331
330 332
330 333
330 334
330 335
330 336
330 337
330 338
330 339
331 332
331 333
331 334
331 335
331 336
331 337
331 338
331 339
331 340
332 333
332 334
332 335
332 336
332 337
332 338
332 339
332 340
332 341
333 334
333 335
333 336
333 337
333 338
333 339
333 340
333 341
333 342
334 335
334 336
334 337
334 338
334 339
334 340
334 341
334 342
334 343
335 336
335 337
335 338
335 339
335 340
335 341
335 342
335 343
335 344
336 337
336 338
336 339
336 340
336 341
336 342
336 343
336 344
336 345
337 338
337 339
337 340
337 341
337 342
337 343
337 344
337 345
337 346
338 339
338 340
338 341
338 342
338 343
338 344
338 345
338 346
338 347
339 340
339 341
339 342
339 343
339 344
339 345
339 346
339 347
339 348
340 341
340 342
340 343
340 344
340 345
340 346
340 347
340 348
340 349
341 342
341 343
341 344
341 345
341 346
341 347
341 348
341 349
341 350
342 343
342 344
342 345
342 346
342 347
342 348
342 349
342 350
342 351
343 344
343 345
343 346
343 347
343 348
343 349
343 350
343 351
343 352
344 345
344 346
344 347
344 348
344 349
344 350
344 351
344 352
344 353
345 346
345 347
345 348
345 349
345 350
345 351
345 352
345 353
345 354
346 347
346 348
346 349
346 350
346 351
346 352
346 353
346 354
346 355
347 348
347 349
347 350
347 351
347 352
347 353
347 354
347 355
347 356
348 349
348 350
348 351
348 352
348 353
348 354
348 355
348 356
348 357
349 350
349 351
349 352
349 353
349 354
349 355
349 356
349 357
349 358
350 351
350 352
350 353
350 354
350 355
350 356
350 357
350 358
350 359
351 352
351 353
351 354
351 355
351 356
351 357
351 358
351 359
351 360
352 353
352 354
352 355
352 356
352 357
352 358
352 359
352 360
352 361
353 354
353 355
353 356
353 357
353 358
353 359
353 360
353 361
353 362
354 355
354 356
354 357
354 358
354 359
354 360
354 361
354 362
354 363
355 356
355 357
355 358
355 359
355 360
355 361
355 362
355 363
355 364
356 357
356 358
356 359
356 360
356 361
356 362
356 363
356 364
356 365
357 358
357 359
357 360
357 361
357 362
357 363
357 364
357 365
357 366
358 359
358 360
358 361
358 362
358 363
358 364
358 365
358 366
358 367
359 360
359 361
359 362
359 363
359 364
359 365
359 366
359 367
359 368
360 361
360 362
360 363
360 364
360 365
360 366
360 367
360 368
360 369
361 362
361 363
361 364
361 365
361 366
361 367
361 368
361 369
361 370
362 363
362 364
362 365
362 366
362 367
362 368
362 369
362 370
362 371
363 364
363 365
363 366
363 367
363 368
363 369
363 370
363 371
363 372
364 365
364 366
364 367
364 368
364 369
364 370
364 371
364 372
364 373
365 366
365 367
365 368
365 369
365 370
365 371
365 372
365 373
365 374
366 367
366 368
366 369
366 370
366 371
366 372
366 373
366 374
366 375
367 368
367 369
367 370
367 371
367 372
367 373
367 374
367 375
367 376
368 369
368 370
368 371
368 372
368 373
368 374
368 375
368 376
368 377
369 370
369 371
369 372
369 373
369 374
369 375
369 376
369 377
369 378
370 371
370 372
370 373
370 374
370 375
370 376
370 377
370 378
370 379
371 372
371 373
371 374
371 375
371 376
371 377
371 378
371 379
371 380
372 373
372 374
372 375
372 376
372 377
372 378
372 379
372 380
372 381
373 374
373 375
373 376
373 377
373 378
373 379
373 380
373 381
373 382
374 375
374 376
374 377
374 378
374 379
374 380
374 381
374 382
374 383
375 376
375 377
375 378
375 379
375 380
375 381
375 382
375 383
375 384
376 377
376 378
376 379
376 380
376 381
376 382
376 383
376 384
376 385
377 378
377 379
377 380
377 381
377 382
377 383
377 384
377 385
377 386
378 379
378 380
378 381
378 382
378 383
378 384
378 385
378 386
378 387
379 380
379 381
379 382
379 383
379 384
379 385
379 386
379 387
379 388
380 381
380 382
380 383
380 384
380 385
380 386
380 387
380 388
380 389
381 382
381 383
381 384
381 385
381 386
381 387
381 388
381 389
381 390
382 383
382 384
382 385
382 386
382 387
382 388
382 389
382 390
382 391
383 384
383 385
383 386
383 387
383 388
383 389
383 390
383 391
383 392
384 385
384 386
384 387
384 388
384 389
384 390
384 391
384 392
384 393
385 386
385 387
385 388
385 389
385 390
385 391
385 392
385 393
385 394
386 387
386 388
386 389
386 390
386 391
386 392
386 393
386 394
386 395
387 388
387 389
387 390
387 391
387 392
387 393
387 394
387 395
387 396
388 389
388 390
388 391
388 392
388 393
388 394
388 395
388 396
388 397
389 390
389 391
389 392
389 393
389 394
389 395
389 396
389 397
389 398
390 391
390 392
390 393
390 394
390 395
390 396
390 397
390 398
390 399
391 392
391 393
391 394
391 395
391 396
391 397
391 398
391 399
391 400
392 393
392 394
392 395
392 396
392 397
392 398
392 399
392 400
392 401
393 394
393 395
393 396
393 397
393 398
393 399
393 400
393 401
393 402
394 395
394 396
394 397
394 398
394 399
394 400
394 401
394 402
394 403
395 396
395 397
395 398
395 399
395 400
395 401
395 402
395 403
395 404
396 397
396 398
396 399
396 400
396 401
396 402
396 403
396 404
396 405
397 398
397 399
397 400
397 401
397 402
397 403
397 404
397 405
397 406
398 399
398 400
398 401
398 402
398 403
398 404
398 405
398 406
398 407
399 400
399 401
399 402
399 403
399 404
399 405
399 406
399 407
399 408
400 401
400 402
400 403
400 404
400 405
400 406
400 407
400 408
400 409
401 402
401 403
401 404
401 405
401 406
401 407
401 408
401 409
401 410
402 403
402 404
402 405
402 406
402 407
402 408
402 409
402 410
402 411
403 404
403 405
403 406
403 407
403 408
403 409
403 410
403 411
403 412
404 405
404 406
404 407
404 408
404 409
404 410
404 411
404 412
404 413
405 406
405 407
405 408
405 409
405 410
405 411
405 412
405 413
405 414
406 407
406 408
406 409
406 410
406 411
406 412
406 413
406 414
406 415
407 408
407 409
407 410
407 411
407 412
407 413
407 414
407 415
407 416
408 409
408 410
408 411
408 412
408 413
408 414
408 415
408 416
408 417
409 410
409 411
409 412
409 413
409 414
409 415
409 416
409 417
409 418
410 411
410 412
410 413
410 414
410 415
410 416
410 417
410 418
410 419
411 412
411 413
411 414
411 415
411 416
411 417
411 418
411 419
411 420
412 413
412 414
412 415
412 416
412 417
412 418
412 419
412 420
412 421
413 414
413 415
413 416
413 417
413 418
413 419
413 420
413 421
413 422
414 415
414 416
414 417
414 418
414 419
414 420
414 421
414 422
414 423
415 416
415 417
415 418
415 419
415 420
415 421
415 422
415 423
415 424
416 417
416 418
416 419
416 420
416 421
416 422
416 423
416 424
416 425
417 418
417 419
417 420
417 421
417 422
417 423
417 424
417 425
417 426
418 419
418 420
418 421
418 422
418 423
418 424
418 425
418 426
418 427
419 420
419 421
419 422
419 423
419 424
419 425
419 426
419 427
419 428
420 421
420 422
420 423
420 424
420 425
420 426
420 427
420 428
420 429
421 422
421 423
421 424
421 425
421 426
421 427
421 428
421 429
421 430
422 423
422 424
422 425
422 426
422 427
422 428
422 429
422 430
422 431
423 424
423 425
423 426
423 427
423 428
423 429
423 430
423 431
423 432
424 425
424 426
424 427
424 428
424 429
424 430
424 431
424 432
424 433
425 426
425 427
425 428
425 429
425 430
425 431
425 432
425 433
425 434
426 427
426 428
426 429
426 430
426 431
426 432
426 433
426 434
426 435
427 428
427 429
427 430
427 431
427 432
427 433
427 434
427 435
427 436
428 429
428 430
428 431
428 432
428 433
428 434
428 435
428 436
428 437
429 430
429 431
429 432
429 433
429 434
429 435
429 436
429 437
429 438
430 431
430 432
430 433
430 434
430 435
430 436
430 437
430 438
430 439
431 432
431 433
431 434
431 435
431 436
431 437
431 438
431 439
431 440
432 433
432 434
432 435
432 436
432 437
432 438
432 439
432 440
432 441
433 434
433 435
433 436
433 437
433 438
433 439
433 440
433 441
433 442
434 435
434 436
434 437
434 438
434 439
434 440
434 441
434 442
434 443
435 436
435 437
435 438
435 439
435 440
435 441
435 442
435 443
435 444
436 437
436 438
436 439
436 440
436 441
436 442
436 443
436 444
436 445
437 438
437 439
437 440
437 441
437 442
437 443
437 444
437 445
437 446
438 439
438 440
438 441
438 442
438 443
438 444
438 445
438 446
438 447
439 440
439 441
439 442
439 443
439 444
439 445
439 446
439 447
439 448
440 441
440 442
440 443
440 444
440 445
440 446
440 447
440 448
440 449
441 442
441 443
441 444
441 445
441 446
441 447
441 448
441 449
441 450
442 443
442 444
442 445
442 446
442 447
442 448
442 449
442 450
442 451
443 444
443 445
443 446
443 447
443 448
443 449
443 450
443 451
443 452
444 445
444 446
444 447
444 448
444 449
444 450
444 451
444 452
444 453
445 446
445 447
445 448
445 449
445 450
445 451
445 452
445 453
445 454
446 447
446 448
446 449
446 450
446 451
446 452
446 453
446 454
446 455
447 448
447 449
447 450
447 451
447 452
447 453
447 454
447 455
447 456
448 449
448 450
448 451
448 452
448 453
448 454
448 455
448 456
448 457
449 450
449 451
449 452
449 453
449 454
449 455
449 456
449 457
449 458
450 451
450 452
450 453
450 454
450 455
450 456
450 457
450 458
450 459
451 452
451 453
451 454
451 455
451 456
451 457
451 458
451 459
451 460
452 453
452 454
452 455
452 456
452 457
452 458
452 459
452 460
452 461
453 454
453 455
453 456
453 457
453 458
453 459
453 460
453 461
453 462
454 455
454 456
454 457
454 458
454 459
454 460
454 461
454 462
454 463
455 456
455 457
455 458
455 459
455 460
455 461
455 462
455 463
455 464
456 457
456 458
456 459
456 460
456 461
456 462
456 463
456 464
456 465
457 458
457 459
457 460
457 461
457 462
457 463
457 464
457 465
457 466
458 459
458 460
458 461
458 462
458 463
458 464
458 465
458 466
458 467
459 460
459 461
459 462
459 463
459 464
459 465
459 466
459 467
459 468
460 461
460 462
460 463
460 464
460 465
460 466
460 467
460 468
460 469
461 462
461 463
461 464
461 465
461 466
461 467
461 468
461 469
461 470
462 463
462 464
462 465
462 466
462 467
462 468
462 469
462 470
462 471
463 464
463 465
463 466
463 467
463 468
463 469
463 470
463 471
463 472
464 465
464 466
464 467
464 468
464 469
464 470
464 471
464 472
464 473
465 466
465 467
465 468
465 469
465 470
465 471
465 472
465 473
465 474
466 467
466 468
466 469
466 470
466 471
466 472
466 473
466 474
466 475
467 468
467 469
467 470
467 471
467 472
467 473
467 474
467 475
467 476
468 469
468 470
468 471
468 472
468 473
468 474
468 475
468 476
468 477
469 470
469 471
469 472
469 473
469 474
469 475
469 476
469 477
469 478
470 471
470 472
470 473
470 474
470 475
470 476
470 477
470 478
470 479
471 472
471 473
471 474
471 475
471 476
471 477
471 478
471 479
471 480
472 473
472 474
472 475
472 476
472 477
472 478
472 479
472 480
472 481
473 474
473 475
473 476
473 477
473 478
473 479
473 480
473 481
473 482
474 475
474 476
474 477
474 478
474 479
474 480
474 481
474 482
474 483
475 476
475 477
475 478
475 479
475 480
475 481
475 482
475 483
475 484
476 477
476 478
476 479
476 480
476 481
476 482
476 483
476 484
476 485
477 478
477 479
477 480
477 481
477 482
477 483
477 484
477 485
477 486
478 479
478 480
478 481
478 482
478 483
478 484
478 485
478 486
478 487
479 480
479 481
479 482
479 483
479 484
479 485
479 486
479 487
479 488
480 481
480 482
480 483
480 484
480 485
480 486
480 487
480 488
480 489
481 482
481 483
481 484
481 485
481 486
481 487
481 488
481 489
481 490
482 483
482 484
482 485
482 486
482 487
482 488
482 489
482 490
482 491
483 484
483 485
483 486
483 487
483 488
483 489
483 490
483 491
483 492
484 485
484 486
484 487
484 488
484 489
484 490
484 491
484 492
484 493
485 486
485 487
485 488
485 489
485 490
485 491
485 492
485 493
485 494
486 487
486 488
486 489
486 490
486 491
486 492
486 493
486 494
486 495
487 488
487 489
487 490
487 491
487 492
487 493
487 494
487 495
487 496
488 489
488 490
488 491
488 492
488 493
488 494
488 495
488 496
488 497
489 490
489 491
489 492
489 493
489 494
489 495
489 496
489 497
489 498
490 491
490 492
490 493
490 494
490 495
490 496
490 497
490 498
490 499
491 492
491 493
491 494
491 495
491 496
491 497
491 498
491 499
491 500
492 493
492 494
492 495
492 496
492 497
492 498
492 499
492 500
492 501
493 494
493 495
493 496
493 497
493 498
493 499
493 500
493 501
493 502
494 495
494 496
494 497
494 498
494 499
494 500
494 501
494 502
494 503
495 496
495 497
495 498
495 499
495 500
495 501
495 502
495 503
495 504
496 497
496 498
496 499
496 500
496 501
496 502
496 503
496 504
496 505
497 498
497 499
497 500
497 501
497 502
497 503
497 504
497 505
497 506
498 499
498 500
498 501
498 502
498 503
498 504
498 505
498 506
498 507
499 500
499 501
499 502
499 503
499 504
499 505
499 506
499 507
499 508
500 501
500 502
500 503
500 504
500 505
500 506
500 507
500 508
500 509
501 502
501 503
501 504
501 505
501 506
501 507
501 508
501 509
501 510
502 503
502 504
502 505
502 506
502 507
502 508
502 509
502 510
502 511
503 504
503 505
503 506
503 507
503 508
503 509
503 510
503 511
503 512
504 505
504 506
504 507
504 508
504 509
504 510
504 511
504 512
504 513
505 506
505 507
505 508
505 509
505 510
505 511
505 512
505 513
505 514
506 507
506 508
506 509
506 510
506 511
506 512
506 513
506 514
506 515
507 508
507 509
507 510
507 511
507 512
507 513
507 514
507 515
507 516
508 509
508 510
508 511
508 512
508 513
508 514
508 515
508 516
508 517
509 510
509 511
509 512
509 513
509 514
509 515
509 516
509 517
509 518
510 511
510 512
510 513
510 514
510 515
510 516
510 517
510 518
510 519
511 512
511 513
511 514
511 515
511 516
511 517
511 518
511 519
511 520
512 513
512 514
512 515
512 516
512 517
512 518
512 519
512 520
512 521
513 514
513 515
513 516
513 517
513 518
513 519
513 520
513 521
513 522
514 515
514 516
514 517
514 518
514 519
514 520
514 521
514 522
514 523
515 516
515 517
515 518
515 519
515 520
515 521
515 522
515 523
515 524
516 517
516 518
516 519
516 520
516 521
516 522
516 523
516 524
516 525
517 518
517 519
517 520
517 521
517 522
517 523
517 524
517 525
517 526
518 519
518 520
518 521
518 522
518 523
518 524
518 525
518 526
518 527
519 520
519 521
519 522
519 523
519 524
519 525
519 526
519 527
519 528
520 521
520 522
520 523
520 524
520 525
520 526
520 527
520 528
520 529
521 522
521 523
521 524
521 525
521 526
521 527
521 528
521 529
521 530
522 523
522 524
522 525
522 526
522 527
522 528
522 529
522 530
522 531
523 524
523 525
523 526
523 527
523 528
523 529
523 530
523 531
523 532
524 525
524 526
524 527
524 528
524 529
524 530
524 531
524 532
524 533
525 526
525 527
525 528
525 529
525 530
525 531
525 532
525 533
525 534
526 527
526 528
526 529
526 530
526 531
526 532
526 533
526 534
526 535
527 528
527 529
527 530
527 531
527 532
527 533
527 534
527 535
527 536
528 529
528 530
528 531
528 532
528 533
528 534
528 535
528 536
528 537
529 530
529 531
529 532
529 533
529 534
529 535
529 536
529 537
529 538
530 531
530 532
530 533
530 534
530 535
530 536
530 537
530 538
530 539
531 532
531 533
531 534
531 535
531 536
531 537
531 538
531 539
531 540
532 533
532 534
532 535
532 536
532 537
532 538
532 539
532 540
532 541
533 534
533 535
533 536
533 537
533 538
533 539
533 540
533 541
533 542
534 535
534 536
534 537
534 538
534 539
534 540
534 541
534 542
534 543
535 536
535 537
535 538
535 539
535 540
535 541
535 542
535 543
535 544
536 537
536 538
536 539
536 540
536 541
536 542
536 543
536 544
536 545
537 538
537 539
537 540
537 541
537 542
537 543
537 544
537 545
537 546
538 539
538 540
538 541
538 542
538 543
538 544
538 545
538 546
538 547
539 540
539 541
539 542
539 543
539 544
539 545
539 546
539 547
539 548
540 541
540 542
540 543
540 544
540 545
540 546
540 547
540 548
540 549
541 542
541 543
541 544
541 545
541 546
541 547
541 548
541 549
541 550
542 543
542 544
542 545
542 546
542 547
542 548
542 549
542 550
542 551
543 544
543 545
543 546
543 547
543 548
543 549
543 550
543 551
543 552
544 545
544 546
544 547
544 548
544 549
544 550
544 551
544 552
544 553
545 546
545 547
545 548
545 549
545 550
545 551
545 552
545 553
545 554
546 547
546 548
546 549
546 550
546 551
546 552
546 553
546 554
546 555
547 548
547 549
547 550
547 551
547 552
547 553
547 554
547 555
547 556
548 549
548 550
548 551
548 552
548 553
548 554
548 555
548 556
548 557
549 550
549 551
549 552
549 553
549 554
549 555
549 556
549 557
549 558
550 551
550 552
550 553
550 554
550 555
550 556
550 557
550 558
550 559
551 552
551 553
551 554
551 555
551 556
551 557
551 558
551 559
551 560
552 553
552 554
552 555
552 556
552 557
552 558
552 559
552 560
552 561
553 554
553 555
553 556
553 557
553 558
553 559
553 560
553 561
553 562
554 555
554 556
554 557
554 558
554 559
554 560
554 561
554 562
554 563
555 556
555 557
555 558
555 559
555 560
555 561
555 562
555 563
555 564
556 557
556 558
556 559
556 560
556 561
556 562
556 563
556 564
556 565
557 558
557 559
557 560
557 561
557 562
557 563
557 564
557 565
557 566
558 559
558 560
558 561
558 562
558 563
558 564
558 565
558 566
558 567
559 560
559 561
559 562
559 563
559 564
559 565
559 566
559 567
559 568
560 561
560 562
560 563
560 564
560 565
560 566
560 567
560 568
560 569
561 562
561 563
561 564
561 565
561 566
561 567
561 568
561 569
561 570
562 563
562 564
562 565
562 566
562 567
562 568
562 569
562 570
562 571
563 564
563 565
563 566
563 567
563 568
563 569
563 570
563 571
563 572
564 565
564 566
564 567
564 568
564 569
564 570
564 571
564 572
564 573
565 566
565 567
565 568
565 569
565 570
565 571
565 572
565 573
565 574
566 567
566 568
566 569
566 570
566 571
566 572
566 573
566 574
566 575
567 568
567 569
567 570
567 571
567 572
567 573
567 574
567 575
567 576
568 569
568 570
568 571
568 572
568 573
568 574
568 575
568 576
568 577
569 570
569 571
569 572
569 573
569 574
569 575
569 576
569 577
569 578
570 571
570 572
570 573
570 574
570 575
570 576
570 577
570 578
570 579
571 572
571 573
571 574
571 575
571 576
571 577
571 578
571 579
571 580
572 573
572 574
572 575
572 576
572 577
572 578
572 579
572 580
572 581
573 574
573 575
573 576
573 577
573 578
573 579
573 580
573 581
573 582
574 575
574 576
574 577
574 578
574 579
574 580
574 581
574 582
574 583
575 576
575 577
575 578
575 579
575 580
575 581
575 582
575 583
575 584
576 577
576 578
576 579
576 580
576 581
576 582
576 583
576 584
576 585
577 578
577 579
577 580
577 581
577 582
577 583
577 584
577 585
577 586
578 579
578 580
578 581
578 582
578 583
578 584
578 585
578 586
578 587
579 580
579 581
579 582
579 583
579 584
579 585
579 586
579 587
579 588
580 581
580 582
580 583
580 584
580 585
580 586
580 587
580 588
580 589
581 582
581 583
581 584
581 585
581 586
581 587
581 588
581 589
581 590
582 583
582 584
582 585
582 586
582 587
582 588
582 589
582 590
582 591
583 584
583 585
583 586
583 587
583 588
583 589
583 590
583 591
583 592
584 585
584 586
584 587
584 588
584 589
584 590
584 591
584 592
584 593
585 586
585 587
585 588
585 589
585 590
585 591
585 592
585 593
585 594
586 587
586 588
586 589
586 590
586 591
586 592
586 593
586 594
586 595
587 588
587 589
587 590
587 591
587 592
587 593
587 594
587 595
587 596
588 589
588 590
588 591
588 592
588 593
588 594
588 595
588 596
588 597
589 590
589 591
589 592
589 593
589 594
589 595
589 596
589 597
589 598
590 591
590 592
590 593
590 594
590 595
590 596
590 597
590 598
590 599
591 592
591 593
591 594
591 595
591 596
591 597
591 598
591 599
591 600
592 593
592 594
592 595
592 596
592 597
592 598
592 599
592 600
593 594
593 595
593 596
593 597
593 598
593 599
593 600
594 595
594 596
594 597
594 598
594 599
594 600
595 596
595 597
595 598
595 599
595 600
596 597
596 598
596 599
596 600
597 598
597 599
597 600
598 599
598 600
599 600
540 541
540 542
540 543
540 544
540 545
540 546
540 547
540 548
540 549
540 550
540 551
540 552
540 553
540 554
540 555
540 556
540 557
540 558
540 559
540 560
540 561
540 562
540 563
540 564
540 565
540 566
540 567
540 568
540 569
540 570
540 571
540 572
540 573
540 574
540 575
540 576
540 577
540 578
540 579
540 580
540 581
540 582
540 583
540 584
540 585
540 586
540 587
540 588
540 589
540 590
540 591
540 592
540 593
540 594
540 595
540 596
540 597
540 598
540 599
540 600
541 542
541 543
541 544
541 545
541 546
541 547
541 548
541 549
541 550
541 551
541 552
541 553
541 554
541 555
541 556
541 557
541 558
541 559
541 560
541 561
541 562
541 563
541 564
541 565
541 566
541 567
541 568
541 569
541 570
541 571
541 572
541 573
541 574
541 575
541 576
541 577
541 578
541 579
541 580
541 581
541 582
541 583
541 584
541 585
541 586
541 587
541 588
541 589
541 590
541 591
541 592
541 593
541 594
541 595
541 596
541 597
541 598
541 599
541 600
542 543
542 544
542 545
542 546
542 547
542 548
542 549
542 550
542 551
542 552
542 553
542 554
542 555
542 556
542 557
542 558
542 559
542 560
542 561
542 562
542 563
542 564
542 565
542 566
542 567
542 568
542 569
542 570
542 571
542 572
542 573
542 574
542 575
542 576
542 577
542 578
542 579
542 580
542 581
542 582
542 583
542 584
542 585
542 586
542 587
542 588
542 589
542 590
542 591
542 592
542 593
542 594
542 595
542 596
542 597
542 598
542 599
542 600
543 544
543 545
543 546
543 547
543 548
543 549
543 550
543 551
543 552
543 553
543 554
543 555
543 556
543 557
543 558
543 559
543 560
543 561
543 562
543 563
543 564
543 565
543 566
543 567
543 568
543 569
543 570
543 571
543 572
543 573
543 574
543 575
543 576
543 577
543 578
543 579
543 580
543 581
543 582
543 583
543 584
543 585
543 586
543 587
543 588
543 589
543 590
543 591
543 592
543 593
543 594
543 595
543 596
543 597
543 598
543 599
543 600
544 545
544 546
544 547
544 548
544 549
544 550
544 551
544 552
544 553
544 554
544 555
544 556
544 557
544 558
544 559
544 560
544 561
544 562
544 563
544 564
544 565
544 566
544 567
544 568
544 569
544 570
544 571
544 572
544 573
544 574
544 575
544 576
544 577
544 578
544 579
544 580
544 581
544 582
544 583
544 584
544 585
544 586
544 587
544 588
544 589
544 590
544 591
544 592
544 593
544 594
544 595
544 596
544 597
544 598
544 599
544 600
545 546
545 547
545 548
545 549
545 550
545 551
545 552
545 553
545 554
545 555
545 556
545 557
545 558
545 559
545 560
545 561
545 562
545 563
545 564
545 565
545 566
545 567
545 568
545 569
545 570
545 571
545 572
545 573
545 574
545 575
545 576
545 577
545 578
545 579
545 580
545 581
545 582
545 583
545 584
545 585
545 586
545 587
545 588
545 589
545 590
545 591
545 592
545 593
545 594
545 595
545 596
545 597
545 598
545 599
545 600
546 547
546 548
546 549
546 550
546 551
546 552
546 553
546 554
546 555
546 556
546 557
546 558
546 559
546 560
546 561
546 562
546 563
546 564
546 565
546 566
546 567
546 568
546 569
546 570
546 571
546 572
546 573
546 574
546 575
546 576
546 577
546 578
546 579
546 580
546 581
546 582
546 583
546 584
546 585
546 586
546 587
546 588
546 589
546 590
546 591
546 592
546 593
546 594
546 595
546 596
546 597
546 598
546 599
546 600
547 548
547 549
547 550
547 551
547 552
547 553
547 554
547 555
547 556
547 557
547 558
547 559
547 560
547 561
547 562
547 563
547 564
547 565
547 566
547 567
547 568
547 569
547 570
547 571
547 572
547 573
547 574
547 575
547 576
547 577
547 578
547 579
547 580
547 581
547 582
547 583
547 584
547 585
547 586
547 587
547 588
547 589
547 590
547 591
547 592
547 593
547 594
547 595
547 596
547 597
547 598
547 599
547 600
548 549
548 550
548 551
548 552
548 553
548 554
548 555
548 556
548 557
548 558
548 559
548 560
548 561
548 562
548 563
548 564
548 565
548 566
548 567
548 568
548 569
548 570
548 571
548 572
548 573
548 574
548 575
548 576
548 577
548 578
548 579
548 580
548 581
548 582
548 583
548 584
548 585
548 586
548 587
548 588
548 589
548 590
548 591
548 592
548 593
548 594
548 595
548 596
548 597
548 598
548 599
548 600
549 550
549 551
549 552
549 553
549 554
549 555
549 556
549 557
549 558
549 559
549 560
549 561
549 562
549 563
549 564
549 565
549 566
549 567
549 568
549 569
549 570
549 571
549 572
549 573
549 574
549 575
549 576
549 577
549 578
549 579
549 580
549 581
549 582
549 583
549 584
549 585
549 586
549 587
549 588
549 589
549 590
549 591
549 592
549 593
549 594
549 595
549 596
549 597
549 598
549 599
549 600
550 551
550 552
550 553
550 554
550 555
550 556
550 557
550 558
550 559
550 560
550 561
550 562
550 563
550 564
550 565
550 566
550 567
550 568
550 569
550 570
550 571
550 572
550 573
550 574
550 575
550 576
550 577
550 578
550 579
550 580
550 581
550 582
550 583
550 584
550 585
550 586
550 587
550 588
550 589
550 590
550 591
550 592
550 593
550 594
550 595
550 596
550 597
550 598
550 599
550 600
551 552
551 553
551 554
551 555
551 556
551 557
551 558
551 559
551 560
551 561
551 562
551 563
551 564
551 565
551 566
551 567
551 568
551 569
551 570
551 571
551 572
551 573
551 574
551 575
551 576
551 577
551 578
551 579
551 580
551 581
551 582
551 583
551 584
551 585
551 586
551 587
551 588
551 589
551 590
551 591
551 592
551 593
551 594
551 595
551 596
551 597
551 598
551 599
551 600
552 553
552 554
552 555
552 556
552 557
552 558
552 559
552 560
552 561
552 562
552 563
552 564
552 565
552 566
552 567
552 568
552 569
552 570
552 571
552 572
552 573
552 574
552 575
552 576
552 577
552 578
552 579
552 580
552 581
552 582
552 583
552 584
552 585
552 586
552 587
552 588
552 589
552 590
552 591
552 592
552 593
552 594
552 595
552 596
552 597
552 598
552 599
552 600
553 554
553 555
553 556
553 557
553 558
553 559
553 560
553 561
553 562
553 563
553 564
553 565
553 566
553 567
553 568
553 569
553 570
553 571
553 572
553 573
553 574
553 575
553 576
553 577
553 578
553 579
553 580
553 581
553 582
553 583
553 584
553 585
553 586
553 587
553 588
553 589
553 590
553 591
553 592
553 593
553 594
553 595
553 596
553 597
553 598
553 599
553 600
554 555
554 556
554 557
554 558
554 559
554 560
554 561
554 562
554 563
554 564
554 565
554 566
554 567
554 568
554 569
554 570
554 571
554 572
554 573
554 574
554 575
554 576
554 577
554 578
554 579
554 580
554 581
554 582
554 583
554 584
554 585
554 586
554 587
554 588
554 589
554 590
554 591
554 592
554 593
554 594
554 595
554 596
554 597
554 598
554 599
554 600
555 556
555 557
555 558
555 559
555 560
555 561
555 562
555 563
555 564
555 565
555 566
555 567
555 568
555 569
555 570
555 571
555 572
555 573
555 574
555 575
555 576
555 577
555 578
555 579
555 580
555 581
555 582
555 583
555 584
555 585
555 586
555 587
555 588
555 589
555 590
555 591
555 592
555 593
555 594
555 595
555 596
555 597
555 598
555 599
555 600
556 557
556 558
556 559
556 560
556 561
556 562
556 563
556 564
556 565
556 566
556 567
556 568
556 569
556 570
556 571
556 572
556 573
556 574
556 575
556 576
556 577
556 578
556 579
556 580
556 581
556 582
556 583
556 584
556 585
556 586
556 587
556 588
556 589
556 590
556 591
556 592
556 593
556 594
556 595
556 596
556 597
556 598
556 599
556 600
557 558
557 559
557 560
557 561
557 562
557 563
557 564
557 565
557 566
557 567
557 568
557 569
557 570
557 571
557 572
557 573
557 574
557 575
557 576
557 577
557 578
557 579
557 580
557 581
557 582
557 583
557 584
557 585
557 586
557 587
557 588
557 589
557 590
557 591
557 592
557 593
557 594
557 595
557 596
557 597
557 598
557 599
557 600
558 559
558 560
558 561
558 562
558 563
558 564
558 565
558 566
558 567
558 568
558 569
558 570
558 571
558 572
558 573
558 574
558 575
558 576
558 577
558 578
558 579
558 580
558 581
558 582
558 583
558 584
558 585
558 586
558 587
558 588
558 589
558 590
558 591
558 592
558 593
558 594
558 595
558 596
558 597
558 598
558 599
558 600
559 560
559 561
559 562
559 563
559 564
559 565
559 566
559 567
559 568
559 569
559 570
559 571
559 572
559 573
559 574
559 575
559 576
559 577
559 578
559 579
559 580
559 581
559 582
559 583
559 584
559 585
559 586
559 587
559 588
559 589
559 590
559 591
559 592
559 593
559 594
559 595
559 596
559 597
559 598
559 599
559 600
560 561
560 562
560 563
560 564
560 565
560 566
560 567
560 568
560 569
560 570
560 571
560 572
560 573
560 574
560 575
560 576
560 577
560 578
560 579
560 580
560 581
560 582
560 583
560 584
560 585
560 586
560 587
560 588
560 589
560 590
560 591
560 592
560 593
560 594
560 595
560 596
560 597
560 598
560 599
560 600
561 562
561 563
561 564
561 565
561 566
561 567
561 568
561 569
561 570
561 571
561 572
561 573
561 574
561 575
561 576
561 577
561 578
561 579
561 580
561 581
561 582
561 583
561 584
561 585
561 586
561 587
561 588
561 589
561 590
561 591
561 592
561 593
561 594
561 595
561 596
561 597
561 598
561 599
561 600
562 563
562 564
562 565
562 566
562 567
562 568
562 569
562 570
562 571
562 572
562 573
562 574
562 575
562 576
562 577
562 578
562 579
562 580
562 581
562 582
562 583
562 584
562 585
562 586
562 587
562 588
562 589
562 590
562 591
562 592
562 593
562 594
562 595
562 596
562 597
562 598
562 599
562 600
563 564
563 565
563 566
563 567
563 568
563 569
563 570
563 571
563 572
563 573
563 574
563 575
563 576
563 577
563 578
563 579
563 580
563 581
563 582
563 583
563 584
563 585
563 586
563 587
563 588
563 589
563 590
563 591
563 592
563 593
563 594
563 595
563 596
563 597
563 598
563 599
563 600
564 565
564 566
564 567
564 568
564 569
564 570
564 571
564 572
564 573
564 574
564 575
564 576
564 577
564 578
564 579
564 580
564 581
564 582
564 583
564 584
564 585
564 586
564 587
564 588
564 589
564 590
564 591
564 592
564 593
564 594
564 595
564 596
564 597
564 598
564 599
564 600
565 566
565 567
565 568
565 569
565 570
565 571
565 572
565 573
565 574
565 575
565 576
565 577
565 578
565 579
565 580
565 581
565 582
565 583
565 584
565 585
565 586
565 587
565 588
565 589
565 590
565 591
565 592
565 593
565 594
565 595
565 596
565 597
565 598
565 599
565 600
566 567
566 568
566 569
566 570
566 571
566 572
566 573
566 574
566 575
566 576
566 577
566 578
566 579
566 580
566 581
566 582
566 583
566 584
566 585
566 586
566 587
566 588
566 589
566 590
566 591
566 592
566 593
566 594
566 595
566 596
566 597
566 598
566 599
566 600
567 568
567 569
567 570
567 571
567 572
567 573
567 574
567 575
567 576
567 577
567 578
567 579
567 580
567 581
567 582
567 583
567 584
567 585
567 586
567 587
567 588
567 589
567 590
567 591
567 592
567 593
567 594
567 595
567 596
567 597
567 598
567 599
567 600
568 569
568 570
568 571
568 572
568 573
568 574
568 575
568 576
568 577
568 578
568 579
568 580
568 581
568 582
568 583
568 584
568 585
568 586
568 587
568 588
568 589
568 590
568 591
568 592
568 593
568 594
568 595
568 596
568 597
568 598
568 599
568 600
569 570
569 571
569 572
569 573
569 574
569 575
569 576
569 577
569 578
569 579
569 580
569 581
569 582
569 583
569 584
569 585
569 586
569 587
569 588
569 589
569 590
569 591
569 592
569 593
569 594
569 595
569 596
569 597
569 598
569 599
569 600
570 571
570 572
570 573
570 574
570 575
570 576
570 577
570 578
570 579
570 580
570 581
570 582
570 583
570 584
570 585
570 586
570 587
570 588
570 589
570 590
570 591
570 592
570 593
570 594
570 595
570 596
570 597
570 598
570 599
570 600
571 572
571 573
571 574
571 575
571 576
571 577
571 578
571 579
571 580
571 581
571 582
571 583
571 584
571 585
571 586
571 587
571 588
571 589
571 590
571 591
571 592
571 593
571 594
571 595
571 596
571 597
571 598
571 599
571 600
572 573
572 574
572 575
572 576
572 577
572 578
572 579
572 580
572 581
572 582
572 583
572 584
572 585
572 586
572 587
572 588
572 589
572 590
572 591
572 592
572 593
572 594
572 595
572 596
572 597
572 598
572 599
572 600
573 574
573 575
573 576
573 577
573 578
573 579
573 580
573 581
573 582
573 583
573 584
573 585
573 586
573 587
573 588
573 589
573 590
573 591
573 592
573 593
573 594
573 595
573 596
573 597
573 598
573 599
573 600
574 575
574 576
574 577
574 578
574 579
574 580
574 581
574 582
574 583
574 584
574 585
574 586
574 587
574 588
574 589
574 590
574 591
574 592
574 593
574 594
574 595
574 596
574 597
574 598
574 599
574 600
575 576
575 577
575 578
575 579
575 580
575 581
575 582
575 583
575 584
575 585
575 586
575 587
575 588
575 589
575 590
575 591
575 592
575 593
575 594
575 595
575 596
575 597
575 598
575 599
575 600
576 577
576 578
576 579
576 580
576 581
576 582
576 583
576 584
576 585
576 586
576 587
576 588
576 589
576 590
576 591
576 592
576 593
576 594
576 595
576 596
576 597
576 598
576 599
576 600
577 578
577 579
577 580
577 581
577 582
577 583
577 584
577 585
577 586
577 587
577 588
577 589
577 590
577 591
577 592
577 593
577 594
577 595
577 596
577 597
577 598
577 599
577 600
578 579
578 580
578 581
578 582
578 583
578 584
578 585
578 586
578 587
578 588
578 589
578 590
578 591
578 592
578 593
578 594
578 595
578 596
578 597
578 598
578 599
578 600
579 580
579 581
579 582
579 583
579 584
579 585
579 586
579 587
579 588
579 589
579 590
579 591
579 592
579 593
579 594
579 595
579 596
579 597
579 598
579 599
579 600
580 581
580 582
580 583
580 584
580 585
580 586
580 587
580 588
580 589
580 590
580 591
580 592
580 593
580 594
580 595
580 596
580 597
580 598
580 599
580 600
581 582
581 583
581 584
581 585
581 586
581 587
581 588
581 589
581 590
581 591
581 592
581 593
581 594
581 595
581 596
581 597
581 598
581 599
581 600
582 583
582 584
582 585
582 586
582 587
582 588
582 589
582 590
582 591
582 592
582 593
582 594
582 595
582 596
582 597
582 598
582 599
582 600
583 584
583 585
583 586
583 587
583 588
583 589
583 590
583 591
583 592
583 593
583 594
583 595
583 596
583 597
583 598
583 599
583 600
584 585
584 586
584 587
584 588
584 589
584 590
584 591
584 592
584 593
584 594
584 595
584 596
584 597
584 598
584 599
584 600
585 586
585 587
585 588
585 589
585 590
585 591
585 592
585 593
585 594
585 595
585 596
585 597
585 598
585 599
585 600
586 587
586 588
586 589
586 590
586 591
586 592
586 593
586 594
586 595
586 596
586 597
586 598
586 599
586 600
587 588
587 589
587 590
587 591
587 592
587 593
587 594
587 595
587 596
587 597
587 598
587 599
587 600
588 589
588 590
588 591
588 592
588 593
588 594
588 595
588 596
588 597
588 598
588 599
588 600
589 590
589 591
589 592
589 593
589 594
589 595
589 596
589 597
589 598
589 599
589 600
590 591
590 592
590 593
590 594
590 595
590 596
590 597
590 598
590 599
590 600
591 592
591 593
591 594
591 595
591 596
591 597
591 598
591 599
591 600
592 593
592 594
592 595
592 596
592 597
592 598
592 599
592 600
593 594
593 595
593 596
593 597
593 598
593 599
593 600
594 595
594 596
594 597
594 598
594 599
594 600
595 596
595 597
595 598
595 599
595 600
596 597
596 598
596 599
596 600
597 598
597 599
597 600
598 599
598 600
599 600
