10000
1 10
2 11
3 9
4 11
5 13
6 12
7 10
8 11
9 8
10 9
11 10
12 7
13 11
14 13
15 12
16 10
17 14
18 13
19 12
20 14
21 15
22 16
23 13
24 14
25 11
26 9
27 13
28 12
29 14
30 13
31 15
32 14
33 11
34 14
35 13
36 12
37 14
38 13
39 14
40 10
41 15
42 14
43 13
44 12
45 13
46 15
47 14
48 16
49 15
50 11
51 13
52 14
53 12
54 13
55 8
56 12
57 11
58 12
59 10
60 11
61 9
62 15
63 14
64 15
65 13
66 12
67 13
68 15
69 14
70 15
71 11
72 14
73 13
74 12
75 13
76 16
77 15
78 14
79 15
80 17
81 16
82 10
83 13
84 15
85 14
86 15
87 16
88 12
89 11
90 6
91 12
92 11
93 10
94 13
95 14
96 12
97 13
98 14
99 17
100 19
101 20
102 18
103 16
104 17
105 15
106 11
107 15
108 14
109 16
110 15
111 13
112 17
113 18
114 16
115 15
116 16
117 14
118 16
119 15
120 12
121 9
122 13
123 12
124 16
125 15
126 19
127 18
128 17
129 16
130 18
131 20
132 21
133 19
134 17
135 19
136 18
137 14
138 13
139 15
140 16
141 14
142 18
143 19
144 17
145 18
146 19
147 16
148 18
149 17
150 15
151 16
152 17
153 18
154 11
155 15
156 17
157 16
158 17
159 14
160 13
161 14
162 15
163 12
164 16
165 17
166 15
167 16
168 14
169 13
170 16
171 15
172 18
173 17
174 16
175 17
176 14
177 21
178 20
179 19
180 18
181 20
182 19
183 20
184 22
185 21
186 17
187 18
188 20
189 19
190 16
191 18
192 19
193 17
194 15
195 17
196 18
197 19
198 16
199 18
200 20
201 19
202 21
203 20
204 17
205 21
206 20
207 21
208 23
209 24
210 22
211 23
212 25
213 24
214 19
215 18
216 20
217 22
218 21
219 22
220 19
221 20
222 21
223 10
224 12
225 14
226 13
227 11
228 13
229 15
230 14
231 15
232 12
233 8
234 15
235 16
236 14
237 17
238 16
239 15
240 17
241 16
242 17
243 13
244 16
245 17
246 15
247 14
248 15
249 12
250 15
251 14
252 13
253 18
254 19
255 17
256 16
257 15
258 18
259 17
260 19
261 20
262 18
263 20
264 19
265 16
266 19
267 18
268 17
269 18
270 14
271 15
272 16
273 11
274 14
275 13
276 14
277 12
278 10
279 13
280 12
281 11
282 14
283 15
284 16
285 13
286 12
287 14
288 19
289 18
290 19
291 17
292 16
293 17
294 15
295 13
296 14
297 15
298 16
299 9
300 12
301 11
302 14
303 13
304 14
305 12
306 10
307 7
308 12
309 15
310 14
311 15
312 13
313 16
314 15
315 16
316 14
317 15
318 11
319 16
320 19
321 18
322 20
323 19
324 20
325 17
326 18
327 19
328 15
329 18
330 17
331 16
332 18
333 17
334 19
335 18
336 20
337 19
338 14
339 17
340 19
341 18
342 16
343 18
344 19
345 17
346 18
347 15
348 21
349 23
350 22
351 20
352 23
353 22
354 21
355 19
356 23
357 22
358 23
359 26
360 27
361 25
362 29
363 28
364 27
365 26
366 24
367 21
368 23
369 22
370 23
371 20
372 22
373 21
374 18
375 21
376 23
377 22
378 20
379 23
380 24
381 22
382 23
383 24
384 25
385 21
386 19
387 21
388 20
389 21
390 17
391 22
392 24
393 23
394 21
395 24
396 23
397 25
398 24
399 25
400 22
401 20
402 21
403 19
404 21
405 20
406 18
407 23
408 22
409 21
410 20
411 22
412 23
413 21
414 23
415 22
416 19
417 24
418 23
419 22
420 21
421 23
422 22
423 24
424 26
425 25
426 23
427 24
428 20
429 22
430 24
431 23
432 21
433 23
434 24
435 22
436 26
437 25
438 24
439 23
440 16
441 18
442 17
443 13
444 15
445 17
446 19
447 20
448 18
449 16
450 18
451 19
452 17
453 14
454 20
455 21
456 22
457 19
458 22
459 26
460 25
461 27
462 26
463 24
464 25
465 26
466 23
467 25
468 24
469 26
470 27
471 25
472 26
473 21
474 24
475 23
476 22
477 23
478 24
479 20
480 18
481 19
482 22
483 21
484 20
485 22
486 23
487 21
488 17
489 18
490 16
491 21
492 20
493 22
494 21
495 22
496 23
497 19
498 20
499 21
500 18
501 20
502 21
503 19
504 20
505 21
506 22
507 17
508 19
509 20
510 18
511 19
512 15
513 21
514 20
515 19
516 22
517 21
518 20
519 21
520 22
521 18
522 17
523 20
524 19
525 23
526 22
527 23
528 24
529 21
530 20
531 22
532 21
533 22
534 18
535 20
536 19
537 20
538 21
539 16
540 21
541 20
542 21
543 19
544 18
545 20
546 22
547 23
548 21
549 22
550 24
551 23
552 24
553 19
554 22
555 21
556 22
557 20
558 21
559 22
560 17
561 20
562 19
563 23
564 25
565 24
566 22
567 24
568 23
569 21
570 24
571 23
572 22
573 23
574 20
575 23
576 24
577 25
578 22
579 21
580 24
581 23
582 22
583 18
584 23
585 25
586 24
587 25
588 27
589 26
590 27
591 22
592 24
593 23
594 21
595 22
596 23
597 20
598 21
599 22
600 19
601 21
602 24
603 25
604 23
605 25
606 27
607 26
608 24
609 25
610 26
611 22
612 20
613 22
614 23
615 21
616 22
617 24
618 27
619 28
620 26
621 25
622 23
623 12
624 18
625 20
626 21
627 19
628 17
629 16
630 23
631 22
632 21
633 23
634 22
635 23
636 20
637 23
638 27
639 26
640 25
641 24
642 22
643 25
644 24
645 25
646 23
647 21
648 24
649 23
650 24
651 22
652 23
653 19
654 25
655 24
656 23
657 25
658 24
659 25
660 22
661 21
662 23
663 22
664 25
665 24
666 23
667 24
668 20
669 26
670 28
671 29
672 27
673 25
674 24
675 25
676 26
677 23
678 27
679 26
680 25
681 29
682 32
683 31
684 30
685 28
686 27
687 29
688 28
689 30
690 29
691 26
692 29
693 31
694 32
695 30
696 31
697 28
698 30
699 31
700 29
701 27
702 29
703 31
704 30
705 28
706 29
707 24
708 26
709 27
710 25
711 26
712 22
713 21
714 24
715 25
716 26
717 27
718 28
719 31
720 30
721 29
722 30
723 23
724 24
725 22
726 27
727 28
728 26
729 29
730 28
731 27
732 25
733 24
734 26
735 27
736 25
737 23
738 25
739 26
740 28
741 27
742 24
743 27
744 28
745 26
746 25
747 26
748 28
749 27
750 18
751 22
752 24
753 23
754 21
755 20
756 21
757 19
758 25
759 27
760 26
761 27
762 24
763 26
764 25
765 26
766 23
767 26
768 28
769 27
770 25
771 27
772 26
773 24
774 29
775 30
776 32
777 31
778 28
779 27
780 28
781 26
782 25
783 22
784 25
785 24
786 26
787 25
788 23
789 25
790 24
791 21
792 26
793 25
794 24
795 23
796 25
797 24
798 22
799 20
800 23
801 24
802 22
803 21
804 23
805 22
806 25
807 24
808 28
809 30
810 29
811 27
812 26
813 25
814 23
815 17
816 19
817 20
818 22
819 21
820 18
821 20
822 19
823 15
824 20
825 19
826 22
827 21
828 20
829 22
830 23
831 21
832 22
833 18
834 21
835 20
836 21
837 19
838 20
839 21
840 17
841 18
842 16
843 19
844 20
845 18
846 21
847 20
848 21
849 19
850 20
851 17
852 21
853 20
854 22
855 23
856 21
857 19
858 20
859 22
860 23
861 21
862 22
863 23
864 24
865 18
866 22
867 21
868 22
869 23
870 20
871 19
872 14
873 18
874 20
875 19
876 17
877 18
878 19
879 16
880 15
881 19
882 20
883 18
884 20
885 19
886 21
887 20
888 22
889 21
890 22
891 17
892 18
893 19
894 20
895 21
896 16
897 21
898 24
899 23
900 22
901 20
902 22
903 21
904 19
905 22
906 21
907 22
908 24
909 23
910 24
911 25
912 20
913 23
914 22
915 24
916 23
917 21
918 24
919 25
920 23
921 24
922 22
923 23
924 25
925 24
926 26
927 28
928 27
929 28
930 25
931 26
932 18
933 24
934 25
935 26
936 23
937 22
938 21
939 24
940 26
941 28
942 27
943 25
944 23
945 22
946 20
947 22
948 21
949 19
950 21
951 20
952 23
953 24
954 25
955 22
956 24
957 23
958 24
959 21
960 24
961 23
962 22
963 24
964 25
965 23
966 17
967 19
968 20
969 21
970 22
971 18
972 21
973 20
974 23
975 22
976 23
977 24
978 25
979 27
980 26
981 21
982 23
983 22
984 24
985 23
986 19
987 21
988 22
989 23
990 20
991 23
992 22
993 23
994 24
995 21
996 22
997 23
998 24
999 13
1000 21
1001 22
1002 20
1003 19
1004 20
1005 18
1006 21
1007 20
1008 21
1009 19
1010 17
1011 20
1012 21
1013 19
1014 20
1015 18
1016 21
1017 23
1018 22
1019 20
1020 22
1021 21
1022 19
1023 21
1024 22
1025 20
1026 16
1027 17
1028 18
1029 19
1030 20
1031 15
1032 21
1033 20
1034 23
1035 22
1036 21
1037 19
1038 20
1039 21
1040 18
1041 22
1042 21
1043 20
1044 22
1045 21
1046 22
1047 19
1048 21
1049 20
1050 17
1051 19
1052 20
1053 21
1054 22
1055 18
1056 16
1057 21
1058 20
1059 24
1060 23
1061 22
1062 25
1063 26
1064 24
1065 23
1066 21
1067 23
1068 22
1069 24
1070 23
1071 24
1072 26
1073 25
1074 19
1075 21
1076 20
1077 22
1078 21
1079 22
1080 18
1081 19
1082 20
1083 17
1084 18
1085 14
1086 18
1087 17
1088 19
1089 18
1090 20
1091 19
1092 16
1093 21
1094 20
1095 22
1096 21
1097 22
1098 19
1099 23
1100 24
1101 22
1102 21
1103 20
1104 18
1105 23
1106 22
1107 23
1108 26
1109 28
1110 27
1111 25
1112 24
1113 21
1114 24
1115 23
1116 22
1117 23
1118 24
1119 20
1120 19
1121 21
1122 20
1123 21
1124 22
1125 17
1126 20
1127 19
1128 18
1129 19
1130 20
1131 15
1132 17
1133 16
1134 18
1135 17
1136 18
1137 10
1138 14
1139 13
1140 14
1141 15
1142 12
1143 15
1144 16
1145 14
1146 16
1147 15
1148 16
1149 13
1150 15
1151 17
1152 16
1153 19
1154 18
1155 17
1156 14
1157 15
1158 16
1159 11
1160 18
1161 17
1162 18
1163 16
1164 18
1165 17
1166 15
1167 16
1168 14
1169 16
1170 15
1171 17
1172 18
1173 16
1174 17
1175 13
1176 14
1177 15
1178 12
1179 16
1180 15
1181 18
1182 17
1183 18
1184 19
1185 16
1186 14
1187 15
1188 13
1189 16
1190 15
1191 14
1192 17
1193 18
1194 16
1195 18
1196 20
1197 21
1198 19
1199 17
1200 18
1201 22
1202 21
1203 23
1204 22
1205 24
1206 23
1207 24
1208 20
1209 21
1210 19
1211 23
1212 22
1213 24
1214 25
1215 23
1216 28
1217 29
1218 27
1219 26
1220 27
1221 28
1222 25
1223 24
1224 21
1225 22
1226 23
1227 24
1228 20
1229 23
1230 22
1231 23
1232 21
1233 15
1234 21
1235 22
1236 20
1237 22
1238 21
1239 22
1240 23
1241 19
1242 20
1243 18
1244 21
1245 20
1246 22
1247 23
1248 21
1249 19
1250 22
1251 23
1252 21
1253 23
1254 22
1255 23
1256 24
1257 20
1258 21
1259 22
1260 17
1261 18
1262 21
1263 22
1264 24
1265 23
1266 20
1267 19
1268 20
1269 16
1270 18
1271 19
1272 17
1273 20
1274 19
1275 18
1276 9
1277 13
1278 14
1279 15
1280 16
1281 12
1282 13
1283 14
1284 16
1285 15
1286 11
1287 16
1288 21
1289 20
1290 22
1291 21
1292 19
1293 22
1294 24
1295 23
1296 21
1297 20
1298 21
1299 18
1300 19
1301 17
1302 18
1303 19
1304 21
1305 22
1306 20
1307 15
1308 19
1309 18
1310 17
1311 20
1312 19
1313 18
1314 20
1315 19
1316 16
1317 17
1318 19
1319 21
1320 22
1321 20
1322 18
1323 14
1324 18
1325 19
1326 17
1327 18
1328 19
1329 20
1330 16
1331 15
1332 20
1333 19
1334 18
1335 17
1336 19
1337 18
1338 16
1339 18
1340 17
1341 18
1342 13
1343 14
1344 15
1345 12
1346 15
1347 16
1348 14
1349 13
1350 16
1351 15
1352 17
1353 16
1354 17
1355 14
1356 15
1357 17
1358 16
1359 18
1360 17
1361 19
1362 18
1363 19
1364 21
1365 20
1366 10
1367 18
1368 19
1369 17
1370 18
1371 16
1372 17
1373 15
1374 14
1375 13
1376 15
1377 14
1378 15
1379 12
1380 17
1381 16
1382 17
1383 15
1384 14
1385 13
1386 16
1387 15
1388 16
1389 17
1390 14
1391 15
1392 16
1393 11
1394 15
1395 14
1396 13
1397 15
1398 14
1399 16
1400 15
1401 17
1402 16
1403 12
1404 8
1405 15
1406 14
1407 13
1408 14
1409 12
1410 13
1411 11
1412 17
1413 16
1414 17
1415 15
1416 14
1417 16
1418 15
1419 17
1420 16
1421 19
1422 18
1423 17
1424 13
1425 17
1426 19
1427 18
1428 19
1429 16
1430 17
1431 15
1432 17
1433 16
1434 18
1435 17
1436 18
1437 14
1438 17
1439 19
1440 18
1441 21
1442 20
1443 19
1444 21
1445 22
1446 20
1447 16
1448 18
1449 19
1450 17
1451 15
1452 16
1453 12
1454 10
1455 17
1456 19
1457 18
1458 16
1459 15
1460 20
1461 21
1462 19
1463 20
1464 21
1465 22
1466 18
1467 17
1468 19
1469 20
1470 21
1471 18
1472 19
1473 21
1474 20
1475 22
1476 21
1477 22
1478 16
1479 21
1480 20
1481 21
1482 19
1483 18
1484 19
1485 17
1486 21
1487 20
1488 21
1489 19
1490 20
1491 21
1492 18
1493 14
1494 16
1495 15
1496 18
1497 17
1498 18
1499 16
1500 17
1501 13
1502 23
1503 24
1504 22
1505 21
1506 20
1507 22
1508 23
1509 21
1510 19
1511 20
1512 21
1513 18
1514 21
1515 23
1516 22
1517 20
1518 19
1519 17
1520 18
1521 20
1522 19
1523 16
1524 18
1525 17
1526 15
1527 20
1528 19
1529 20
1530 18
1531 22
1532 21
1533 20
1534 19
1535 21
1536 20
1537 21
1538 17
1539 19
1540 18
1541 19
1542 16
1543 17
1544 18
1545 22
1546 21
1547 20
1548 21
1549 22
1550 23
1551 24
1552 25
1553 19
1554 20
1555 14
1556 17
1557 18
1558 16
1559 18
1560 17
1561 20
1562 21
1563 19
1564 18
1565 20
1566 19
1567 15
1568 16
1569 17
1570 12
1571 16
1572 18
1573 19
1574 17
1575 18
1576 15
1577 14
1578 15
1579 13
1580 16
1581 15
1582 14
1583 17
1584 16
1585 15
1586 16
1587 17
1588 11
1589 16
1590 15
1591 14
1592 15
1593 13
1594 16
1595 17
1596 18
1597 15
1598 17
1599 16
1600 14
1601 15
1602 17
1603 16
1604 17
1605 12
1606 17
1607 18
1608 19
1609 16
1610 17
1611 15
1612 16
1613 17
1614 18
1615 14
1616 16
1617 17
1618 15
1619 17
1620 19
1621 18
1622 16
1623 17
1624 18
1625 13
1626 15
1627 16
1628 14
1629 18
1630 17
1631 21
1632 22
1633 20
1634 22
1635 24
1636 23
1637 21
1638 19
1639 20
1640 22
1641 21
1642 18
1643 16
1644 19
1645 18
1646 17
1647 21
1648 22
1649 20
1650 19
1651 18
1652 15
1653 17
1654 19
1655 18
1656 19
1657 16
1658 9
1659 16
1660 15
1661 18
1662 19
1663 17
1664 16
1665 19
1666 18
1667 17
1668 14
1669 16
1670 19
1671 18
1672 19
1673 21
1674 20
1675 17
1676 19
1677 20
1678 18
1679 19
1680 21
1681 23
1682 22
1683 23
1684 20
1685 22
1686 21
1687 22
1688 15
1689 20
1690 19
1691 21
1692 22
1693 23
1694 20
1695 23
1696 22
1697 21
1698 18
1699 19
1700 21
1701 22
1702 20
1703 17
1704 21
1705 22
1706 23
1707 20
1708 21
1709 22
1710 19
1711 22
1712 21
1713 20
1714 18
1715 16
1716 19
1717 20
1718 18
1719 19
1720 17
1721 19
1722 20
1723 18
1724 19
1725 13
1726 16
1727 17
1728 15
1729 17
1730 16
1731 14
1732 16
1733 18
1734 17
1735 15
1736 16
1737 12
1738 15
1739 14
1740 13
1741 14
1742 11
1743 15
1744 14
1745 15
1746 19
1747 20
1748 21
1749 18
1750 17
1751 19
1752 18
1753 16
1754 17
1755 18
1756 19
1757 13
1758 17
1759 18
1760 20
1761 19
1762 20
1763 16
1764 15
1765 16
1766 17
1767 18
1768 14
1769 12
1770 15
1771 16
1772 17
1773 18
1774 14
1775 15
1776 13
1777 15
1778 19
1779 20
1780 18
1781 19
1782 17
1783 20
1784 19
1785 18
1786 22
1787 23
1788 21
1789 20
1790 22
1791 21
1792 19
1793 16
1794 14
1795 19
1796 20
1797 18
1798 20
1799 19
1800 17
1801 16
1802 18
1803 17
1804 18
1805 19
1806 15
1807 16
1808 10
1809 16
1810 18
1811 17
1812 19
1813 21
1814 22
1815 20
1816 21
1817 18
1818 15
1819 17
1820 18
1821 20
1822 19
1823 16
1824 19
1825 18
1826 17
1827 20
1828 19
1829 18
1830 14
1831 15
1832 13
1833 17
1834 16
1835 17
1836 15
1837 16
1838 18
1839 17
1840 14
1841 17
1842 16
1843 17
1844 15
1845 12
1846 17
1847 16
1848 18
1849 17
1850 18
1851 20
1852 19
1853 15
1854 18
1855 20
1856 19
1857 17
1858 16
1859 17
1860 14
1861 17
1862 16
1863 15
1864 13
1865 18
1866 19
1867 17
1868 16
1869 19
1870 18
1871 17
1872 15
1873 17
1874 18
1875 16
1876 14
1877 11
1878 17
1879 18
1880 16
1881 19
1882 18
1883 20
1884 19
1885 20
1886 21
1887 17
1888 19
1889 20
1890 18
1891 20
1892 22
1893 21
1894 22
1895 19
1896 22
1897 21
1898 20
1899 22
1900 21
1901 22
1902 15
1903 16
1904 14
1905 18
1906 17
1907 16
1908 18
1909 17
1910 15
1911 17
1912 18
1913 16
1914 17
1915 19
1916 18
1917 13
1918 16
1919 18
1920 17
1921 15
1922 17
1923 18
1924 16
1925 18
1926 17
1927 14
1928 17
1929 16
1930 17
1931 15
1932 16
1933 12
1934 17
1935 16
1936 15
1937 14
1938 17
1939 22
1940 23
1941 21
1942 22
1943 20
1944 19
1945 20
1946 18
1947 19
1948 16
1949 18
1950 17
1951 18
1952 15
1953 16
1954 19
1955 20
1956 18
1957 17
1958 18
1959 13
1960 14
1961 5
1962 8
1963 10
1964 9
1965 7
1966 11
1967 12
1968 13
1969 10
1970 9
1971 8
1972 9
1973 10
1974 12
1975 11
1976 12
1977 13
1978 14
1979 6
1980 11
1981 10
1982 9
1983 10
1984 8
1985 9
1986 7
1987 9
1988 10
1989 12
1990 11
1991 12
1992 13
1993 8
1994 14
1995 13
1996 12
1997 13
1998 11
1999 12
2000 10
2001 12
2002 15
2003 14
2004 13
2005 14
2006 11
2007 12
2008 9
2009 12
2010 13
2011 14
2012 11
2013 12
2014 16
2015 15
2016 14
2017 13
2018 10
2019 13
2020 14
2021 12
2022 11
2023 12
2024 14
2025 13
2026 14
2027 4
2028 13
2029 12
2030 11
2031 10
2032 11
2033 9
2034 12
2035 11
2036 10
2037 13
2038 14
2039 15
2040 12
2041 14
2042 15
2043 16
2044 13
2045 11
2046 8
2047 13
2048 15
2049 16
2050 14
2051 12
2052 11
2053 13
2054 12
2055 16
2056 15
2057 14
2058 15
2059 13
2060 15
2061 14
2062 10
2063 13
2064 14
2065 12
2066 13
2067 15
2068 14
2069 11
2070 9
2071 12
2072 11
2073 15
2074 16
2075 14
2076 13
2077 15
2078 17
2079 20
2080 21
2081 19
2082 20
2083 18
2084 16
2085 17
2086 14
2087 17
2088 16
2089 17
2090 18
2091 19
2092 15
2093 17
2094 16
2095 12
2096 14
2097 13
2098 10
2099 13
2100 14
2101 12
2102 11
2103 12
2104 7
2105 13
2106 12
2107 15
2108 14
2109 13
2110 16
2111 15
2112 17
2113 18
2114 16
2115 18
2116 17
2117 18
2118 14
2119 16
2120 15
2121 21
2122 20
2123 19
2124 20
2125 21
2126 18
2127 19
2128 20
2129 17
2130 16
2131 11
2132 17
2133 18
2134 16
2135 21
2136 20
2137 19
2138 20
2139 18
2140 20
2141 21
2142 19
2143 17
2144 18
2145 15
2146 16
2147 20
2148 19
2149 18
2150 20
2151 22
2152 21
2153 22
2154 23
2155 19
2156 20
2157 22
2158 21
2159 22
2160 17
2161 20
2162 19
2163 24
2164 23
2165 22
2166 21
2167 22
2168 20
2169 23
2170 22
2171 23
2172 24
2173 21
2174 18
2175 19
2176 14
2177 13
2178 16
2179 15
2180 16
2181 14
2182 17
2183 16
2184 18
2185 19
2186 17
2187 18
2188 15
2189 16
2190 12
2191 10
2192 14
2193 13
2194 14
2195 12
2196 11
2197 13
2198 14
2199 12
2200 14
2201 13
2202 14
2203 9
2204 11
2205 12
2206 10
2207 11
2208 13
2209 12
2210 13
2211 14
2212 8
2213 11
2214 10
2215 13
2216 12
2217 11
2218 13
2219 12
2220 13
2221 9
2222 10
2223 6
2224 12
2225 14
2226 15
2227 13
2228 14
2229 15
2230 17
2231 16
2232 11
2233 17
2234 19
2235 18
2236 16
2237 15
2238 17
2239 20
2240 19
2241 18
2242 20
2243 19
2244 20
2245 16
2246 17
2247 14
2248 13
2249 16
2250 15
2251 19
2252 18
2253 17
2254 18
2255 19
2256 16
2257 17
2258 14
2259 15
2260 18
2261 17
2262 16
2263 17
2264 19
2265 20
2266 18
2267 19
2268 12
2269 10
2270 14
2271 13
2272 14
2273 12
2274 13
2275 11
2276 9
2277 14
2278 13
2279 16
2280 15
2281 16
2282 19
2283 18
2284 17
2285 14
2286 12
2287 14
2288 13
2289 16
2290 15
2291 16
2292 14
2293 15
2294 11
2295 15
2296 14
2297 16
2298 15
2299 13
2300 12
2301 14
2302 13
2303 14
2304 10
2305 13
2306 12
2307 11
2308 12
2309 13
2310 14
2311 15
2312 8
2313 11
2314 12
2315 13
2316 10
2317 15
2318 14
2319 13
2320 15
2321 16
2322 14
2323 15
2324 17
2325 16
2326 18
2327 17
2328 18
2329 20
2330 19
2331 12
2332 14
2333 13
2334 15
2335 14
2336 11
2337 18
2338 17
2339 18
2340 19
2341 16
2342 17
2343 19
2344 18
2345 19
2346 15
2347 14
2348 18
2349 17
2350 16
2351 17
2352 15
2353 13
2354 16
2355 17
2356 15
2357 14
2358 15
2359 17
2360 16
2361 12
2362 13
2363 14
2364 9
2365 15
2366 14
2367 13
2368 15
2369 16
2370 17
2371 14
2372 17
2373 16
2374 15
2375 12
2376 13
2377 11
2378 13
2379 14
2380 12
2381 14
2382 16
2383 15
2384 13
2385 10
2386 15
2387 14
2388 13
2389 14
2390 12
2391 15
2392 14
2393 13
2394 14
2395 11
2396 13
2397 12
2398 7
2399 8
2400 12
2401 11
2402 17
2403 16
2404 17
2405 15
2406 14
2407 13
2408 14
2409 15
2410 12
2411 13
2412 15
2413 16
2414 14
2415 16
2416 15
2417 10
2418 13
2419 16
2420 15
2421 14
2422 15
2423 16
2424 12
2425 13
2426 11
2427 13
2428 14
2429 12
2430 9
2431 11
2432 10
2433 11
2434 5
2435 10
2436 9
2437 8
2438 10
2439 12
2440 11
2441 12
2442 9
2443 12
2444 14
2445 13
2446 11
2447 10
2448 11
2449 7
2450 12
2451 13
2452 11
2453 13
2454 14
2455 15
2456 12
2457 14
2458 15
2459 16
2460 13
2461 14
2462 10
2463 12
2464 13
2465 11
2466 19
2467 18
2468 17
2469 18
2470 16
2471 15
2472 16
2473 14
2474 15
2475 13
2476 15
2477 14
2478 12
2479 13
2480 14
2481 9
2482 15
2483 14
2484 13
2485 14
2486 12
2487 14
2488 13
2489 15
2490 14
2491 15
2492 11
2493 12
2494 10
2495 14
2496 17
2497 16
2498 15
2499 13
2500 12
2501 14
2502 17
2503 16
2504 20
2505 19
2506 18
2507 19
2508 20
2509 21
2510 17
2511 19
2512 20
2513 18
2514 19
2515 15
2516 18
2517 19
2518 17
2519 18
2520 19
2521 16
2522 19
2523 18
2524 17
2525 13
2526 14
2527 11
2528 18
2529 17
2530 16
2531 18
2532 21
2533 22
2534 23
2535 20
2536 24
2537 23
2538 22
2539 21
2540 22
2541 23
2542 24
2543 19
2544 17
2545 15
2546 19
2547 20
2548 18
2549 17
2550 21
2551 20
2552 21
2553 19
2554 18
2555 16
2556 17
2557 20
2558 19
2559 20
2560 21
2561 22
2562 18
2563 22
2564 25
2565 24
2566 23
2567 21
2568 20
2569 21
2570 22
2571 19
2572 20
2573 14
2574 16
2575 17
2576 18
2577 15
2578 18
2579 17
2580 16
2581 13
2582 15
2583 14
2584 16
2585 15
2586 12
2587 8
2588 12
2589 11
2590 14
2591 16
2592 15
2593 16
2594 13
2595 12
2596 13
2597 10
2598 12
2599 11
2600 13
2601 16
2602 15
2603 14
2604 17
2605 16
2606 17
2607 15
2608 18
2609 17
2610 18
2611 16
2612 18
2613 17
2614 12
2615 14
2616 16
2617 17
2618 18
2619 15
2620 17
2621 16
2622 13
2623 16
2624 15
2625 14
2626 9
2627 10
2628 11
2629 6
2630 13
2631 12
2632 13
2633 11
2634 13
2635 12
2636 10
2637 12
2638 16
2639 15
2640 14
2641 15
2642 13
2643 14
2644 17
2645 16
2646 15
2647 11
2648 17
2649 16
2650 17
2651 20
2652 19
2653 18
2654 21
2655 20
2656 19
2657 20
2658 15
2659 16
2660 17
2661 14
2662 15
2663 13
2664 17
2665 18
2666 16
2667 15
2668 16
2669 14
2670 15
2671 16
2672 12
2673 16
2674 17
2675 15
2676 14
2677 17
2678 16
2679 17
2680 15
2681 13
2682 15
2683 14
2684 9
2685 16
2686 15
2687 18
2688 20
2689 19
2690 17
2691 20
2692 19
2693 21
2694 20
2695 21
2696 18
2697 16
2698 18
2699 19
2700 17
2701 19
2702 18
2703 19
2704 20
2705 14
2706 16
2707 15
2708 13
2709 17
2710 16
2711 15
2712 18
2713 20
2714 19
2715 17
2716 16
2717 18
2718 19
2719 17
2720 14
2721 20
2722 21
2723 22
2724 19
2725 18
2726 19
2727 17
2728 16
2729 19
2730 18
2731 17
2732 15
2733 18
2734 19
2735 17
2736 18
2737 20
2738 19
2739 16
2740 18
2741 17
2742 12
2743 14
2744 13
2745 15
2746 14
2747 11
2748 12
2749 16
2750 15
2751 16
2752 14
2753 15
2754 13
2755 10
2756 14
2757 19
2758 18
2759 17
2760 16
2761 17
2762 15
2763 16
2764 13
2765 15
2766 17
2767 16
2768 14
2769 17
2770 16
2771 15
2772 16
2773 18
2774 17
2775 18
2776 12
2777 14
2778 13
2779 15
2780 16
2781 14
2782 11
2783 13
2784 14
2785 12
2786 14
2787 13
2788 14
2789 8
2790 13
2791 14
2792 12
2793 13
2794 14
2795 11
2796 14
2797 13
2798 16
2799 15
2800 14
2801 15
2802 12
2803 10
2804 15
2805 17
2806 16
2807 14
2808 15
2809 17
2810 16
2811 13
2812 14
2813 15
2814 12
2815 13
2816 16
2817 18
2818 17
2819 19
2820 18
2821 15
2822 17
2823 16
2824 14
2825 16
2826 15
2827 11
2828 12
2829 13
2830 9
2831 17
2832 16
2833 17
2834 15
2835 14
2836 13
2837 12
2838 15
2839 19
2840 18
2841 17
2842 18
2843 16
2844 14
2845 16
2846 15
2847 13
2848 11
2849 17
2850 18
2851 19
2852 16
2853 15
2854 16
2855 14
2856 17
2857 16
2858 17
2859 15
2860 16
2861 17
2862 13
2863 15
2864 16
2865 14
2866 15
2867 12
2868 15
2869 18
2870 17
2871 16
2872 17
2873 14
2874 17
2875 18
2876 16
2877 17
2878 15
2879 16
2880 13
2881 14
2882 10
2883 14
2884 15
2885 13
2886 12
2887 16
2888 15
2889 18
2890 17
2891 18
2892 19
2893 16
2894 18
2895 17
2896 14
2897 17
2898 16
2899 15
2900 16
2901 13
2902 20
2903 19
2904 18
2905 17
2906 18
2907 16
2908 15
2909 17
2910 16
2911 18
2912 17
2913 18
2914 14
2915 15
2916 11
2917 14
2918 15
2919 13
2920 16
2921 15
2922 22
2923 21
2924 22
2925 25
2926 24
2927 26
2928 25
2929 23
2930 25
2931 24
2932 20
2933 22
2934 21
2935 22
2936 19
2937 18
2938 19
2939 21
2940 20
2941 17
2942 20
2943 19
2944 18
2945 16
2946 17
2947 18
2948 14
2949 12
2950 16
2951 15
2952 17
2953 16
2954 14
2955 16
2956 17
2957 15
2958 13
2959 14
2960 17
2961 18
2962 16
2963 23
2964 22
2965 21
2966 22
2967 23
2968 20
2969 21
2970 19
2971 20
2972 18
2973 17
2974 18
2975 15
2976 18
2977 17
2978 18
2979 20
2980 19
2981 16
2982 20
2983 21
2984 19
2985 22
2986 21
2987 20
2988 21
2989 18
2990 19
2991 17
2992 21
2993 20
2994 22
2995 21
2996 19
2997 24
2998 23
2999 22
3000 24
3001 23
3002 21
3003 23
3004 22
3005 23
3006 20
3007 21
3008 23
3009 22
3010 18
3011 20
3012 19
3013 20
3014 7
3015 11
3016 13
3017 12
3018 10
3019 9
3020 13
3021 12
3022 13
3023 14
3024 11
3025 13
3026 12
3027 10
3028 8
3029 12
3030 13
3031 11
3032 14
3033 15
3034 16
3035 13
3036 14
3037 12
3038 16
3039 17
3040 15
3041 14
3042 15
3043 16
3044 19
3045 18
3046 17
3047 13
3048 14
3049 10
3050 13
3051 14
3052 12
3053 13
3054 11
3055 9
3056 10
3057 11
3058 3
3059 12
3060 13
3061 15
3062 14
3063 11
3064 12
3065 13
3066 14
3067 10
3068 9
3069 11
3070 10
3071 12
3072 13
3073 14
3074 11
3075 8
3076 11
3077 12
3078 10
3079 14
3080 15
3081 13
3082 12
3083 13
3084 15
3085 14
3086 16
3087 15
3088 16
3089 17
3090 11
3091 12
3092 14
3093 13
3094 16
3095 17
3096 15
3097 14
3098 15
3099 16
3100 9
3101 10
3102 13
3103 12
3104 11
3105 13
3106 12
3107 7
3108 9
3109 12
3110 16
3111 15
3112 14
3113 13
3114 14
3115 11
3116 12
3117 15
3118 14
3119 13
3120 10
3121 11
3122 13
3123 12
3124 8
3125 14
3126 13
3127 17
3128 16
3129 17
3130 15
3131 17
3132 18
3133 16
3134 18
3135 17
3136 18
3137 14
3138 21
3139 20
3140 19
3141 18
3142 17
3143 18
3144 21
3145 20
3146 19
3147 20
3148 16
3149 18
3150 17
3151 18
3152 15
3153 18
3154 17
3155 16
3156 12
3157 15
3158 14
3159 15
3160 17
3161 16
3162 13
3163 14
3164 11
3165 13
3166 16
3167 15
3168 14
3169 12
3170 16
3171 15
3172 14
3173 13
3174 15
3175 14
3176 10
3177 14
3178 13
3179 15
3180 14
3181 12
3182 16
3183 15
3184 14
3185 13
3186 14
3187 17
3188 16
3189 17
3190 19
3191 18
3192 15
3193 17
3194 18
3195 19
3196 16
3197 18
3198 17
3199 11
3200 13
3201 12
3202 13
3203 15
3204 14
3205 9
3206 13
3207 12
3208 11
3209 12
3210 10
3211 13
3212 15
3213 14
3214 15
3215 12
3216 11
3217 14
3218 13
3219 15
3220 14
3221 12
3222 6
3223 9
3224 8
3225 9
3226 11
3227 10
3228 7
3229 8
3230 11
3231 10
3232 9
3233 11
3234 10
3235 5
3236 15
3237 14
3238 17
3239 18
3240 16
3241 15
3242 16
3243 13
3244 15
3245 16
3246 14
3247 15
3248 18
3249 19
3250 17
3251 18
3252 16
3253 18
3254 17
3255 21
3256 20
3257 21
3258 19
3259 20
3260 22
3261 21
3262 22
3263 18
3264 20
3265 21
3266 19
3267 12
3268 13
3269 14
3270 16
3271 15
3272 19
3273 18
3274 19
3275 17
3276 18
3277 16
3278 11
3279 18
3280 19
3281 21
3282 20
3283 17
3284 19
3285 18
3286 19
3287 16
3288 17
3289 18
3290 15
3291 16
3292 17
3293 21
3294 20
3295 19
3296 21
3297 22
3298 20
3299 18
3300 19
3301 22
3302 21
3303 22
3304 20
3305 14
3306 17
3307 16
3308 15
3309 16
3310 13
3311 16
3312 18
3313 17
3314 18
3315 19
3316 15
3317 14
3318 18
3319 17
3320 19
3321 18
3322 20
3323 19
3324 20
3325 16
3326 18
3327 19
3328 20
3329 17
3330 20
3331 19
3332 21
3333 20
3334 18
3335 15
3336 19
3337 20
3338 22
3339 21
3340 18
3341 23
3342 22
3343 23
3344 21
3345 23
3346 22
3347 20
3348 22
3349 21
3350 22
3351 23
3352 19
3353 22
3354 21
3355 22
3356 20
3357 23
3358 22
3359 21
3360 17
3361 18
3362 16
3363 18
3364 19
3365 17
3366 12
3367 15
3368 14
3369 18
3370 17
3371 16
3372 18
3373 19
3374 17
3375 15
3376 16
3377 17
3378 18
3379 19
3380 13
3381 18
3382 17
3383 20
3384 21
3385 19
3386 18
3387 21
3388 23
3389 22
3390 20
3391 23
3392 22
3393 25
3394 24
3395 26
3396 25
3397 23
3398 21
3399 22
3400 19
3401 16
3402 19
3403 18
3404 17
3405 21
3406 23
3407 22
3408 20
3409 24
3410 23
3411 25
3412 26
3413 24
3414 22
3415 23
3416 21
3417 19
3418 22
3419 21
3420 23
3421 24
3422 22
3423 23
3424 24
3425 20
3426 21
3427 18
3428 20
3429 19
3430 21
3431 22
3432 20
3433 21
3434 15
3435 16
3436 17
3437 14
3438 15
3439 10
3440 17
3441 16
3442 15
3443 17
3444 16
3445 17
3446 14
3447 13
3448 15
3449 14
3450 19
3451 20
3452 18
3453 17
3454 18
3455 19
3456 16
3457 17
3458 15
3459 16
3460 12
3461 13
3462 11
3463 14
3464 15
3465 16
3466 13
3467 18
3468 17
3469 16
3470 17
3471 15
3472 16
3473 14
3474 16
3475 15
3476 16
3477 12
3478 15
3479 14
3480 15
3481 13
3482 9
3483 16
3484 15
3485 16
3486 14
3487 18
3488 20
3489 19
3490 17
3491 16
3492 19
3493 20
3494 18
3495 17
3496 15
3497 17
3498 16
3499 18
3500 17
3501 13
3502 18
3503 19
3504 17
3505 16
3506 15
3507 14
3508 15
3509 17
3510 16
3511 17
3512 12
3513 16
3514 15
3515 16
3516 14
3517 15
3518 13
3519 15
3520 19
3521 18
3522 17
3523 16
3524 17
3525 18
3526 19
3527 14
3528 15
3529 16
3530 11
3531 15
3532 14
3533 13
3534 16
3535 19
3536 18
3537 19
3538 17
3539 19
3540 18
3541 15
3542 17
3543 16
3544 17
3545 18
3546 19
3547 14
3548 16
3549 15
3550 12
3551 16
3552 15
3553 16
3554 14
3555 13
3556 17
3557 16
3558 15
3559 18
3560 17
3561 18
3562 20
3563 19
3564 16
3565 14
3566 15
3567 10
3568 15
3569 16
3570 14
3571 16
3572 15
3573 17
3574 16
3575 13
3576 16
3577 15
3578 14
3579 15
3580 12
3581 14
3582 18
3583 17
3584 19
3585 18
3586 16
3587 15
3588 16
3589 17
3590 18
3591 13
3592 15
3593 16
3594 14
3595 17
3596 16
3597 17
3598 15
3599 17
3600 16
3601 11
3602 12
3603 13
3604 14
3605 15
3606 8
3607 7
3608 9
3609 8
3610 10
3611 9
3612 11
3613 13
3614 12
3615 13
3616 10
3617 6
3618 11
3619 10
3620 9
3621 8
3622 9
3623 7
3624 11
3625 10
3626 13
3627 12
3628 14
3629 13
3630 11
3631 12
3632 9
3633 8
3634 12
3635 15
3636 14
3637 15
3638 16
3639 13
3640 14
3641 11
3642 14
3643 15
3644 16
3645 17
3646 13
3647 14
3648 12
3649 16
3650 17
3651 18
3652 15
3653 14
3654 16
3655 19
3656 18
3657 17
3658 15
3659 16
3660 19
3661 18
3662 17
3663 18
3664 13
3665 14
3666 16
3667 15
3668 17
3669 16
3670 17
3671 10
3672 14
3673 13
3674 12
3675 13
3676 11
3677 15
3678 16
3679 14
3680 16
3681 17
3682 18
3683 19
3684 15
3685 13
3686 15
3687 18
3688 17
3689 18
3690 16
3691 14
3692 16
3693 17
3694 18
3695 15
3696 12
3697 14
3698 15
3699 16
3700 13
3701 15
3702 17
3703 16
3704 17
3705 14
3706 15
3707 9
3708 14
3709 13
3710 12
3711 11
3712 12
3713 10
3714 14
3715 13
3716 14
3717 12
3718 15
3719 14
3720 15
3721 13
3722 14
3723 17
3724 16
3725 17
3726 15
3727 17
3728 16
3729 18
3730 19
3731 17
3732 18
3733 11
3734 14
3735 15
3736 16
3737 13
3738 14
3739 12
3740 13
3741 20
3742 21
3743 19
3744 22
3745 21
3746 23
3747 22
3748 20
3749 21
3750 18
3751 17
3752 18
3753 16
3754 18
3755 17
3756 18
3757 15
3758 14
3759 15
3760 16
3761 17
3762 4
3763 9
3764 8
3765 12
3766 11
3767 10
3768 12
3769 11
3770 13
3771 15
3772 16
3773 14
3774 12
3775 9
3776 10
3777 13
3778 14
3779 12
3780 15
3781 16
3782 14
3783 13
3784 14
3785 11
3786 7
3787 12
3788 13
3789 11
3790 13
3791 14
3792 12
3793 13
3794 10
3795 11
3796 15
3797 14
3798 13
3799 12
3800 9
3801 10
3802 11
3803 12
3804 8
3805 11
3806 10
3807 13
3808 15
3809 14
3810 12
3811 11
3812 9
3813 12
3814 13
3815 11
3816 13
3817 14
3818 15
3819 12
3820 16
3821 21
3822 20
3823 19
3824 20
3825 18
3826 17
3827 15
3828 16
3829 18
3830 17
3831 14
3832 13
3833 15
3834 14
3835 17
3836 16
3837 15
3838 16
3839 10
3840 14
3841 13
3842 12
3843 13
3844 15
3845 16
3846 14
3847 19
3848 18
3849 19
3850 17
3851 18
3852 16
3853 15
3854 16
3855 11
3856 13
3857 14
3858 12
3859 13
3860 6
3861 10
3862 9
3863 8
3864 10
3865 9
3866 15
3867 16
3868 17
3869 14
3870 16
3871 15
3872 13
3873 14
3874 15
3875 12
3876 14
3877 13
3878 11
3879 12
3880 14
3881 15
3882 16
3883 13
3884 10
3885 12
3886 11
3887 14
3888 17
3889 16
3890 15
3891 13
3892 12
3893 13
3894 14
3895 7
3896 11
3897 12
3898 10
3899 9
3900 11
3901 12
3902 10
3903 13
3904 14
3905 15
3906 12
3907 13
3908 11
3909 12
3910 8
3911 10
3912 9
3913 10
3914 12
3915 11
3916 5
3917 13
3918 12
3919 11
3920 12
3921 14
3922 13
3923 10
3924 12
3925 11
3926 12
3927 9
3928 11
3929 12
3930 13
3931 10
3932 13
3933 12
3934 13
3935 11
3936 8
3937 14
3938 13
3939 14
3940 12
3941 13
3942 11
3943 13
3944 12
3945 13
3946 10
3947 12
3948 11
3949 9
3950 11
3951 10
3952 15
3953 16
3954 14
3955 15
3956 13
3957 12
3958 11
3959 15
3960 14
3961 13
3962 14
3963 12
3964 7
3965 8
3966 10
3967 9
3968 11
3969 14
3970 13
3971 12
3972 13
3973 10
3974 14
3975 15
3976 16
3977 13
3978 14
3979 15
3980 12
3981 11
3982 13
3983 14
3984 12
3985 6
3986 9
3987 10
3988 8
3989 10
3990 11
3991 9
3992 11
3993 12
3994 10
3995 12
3996 13
3997 11
3998 13
3999 12
4000 13
4001 15
4002 16
4003 14
4004 15
4005 7
4006 9
4007 10
4008 8
4009 11
4010 10
4011 9
4012 16
4013 15
4014 16
4015 14
4016 15
4017 16
4018 13
4019 15
4020 16
4021 14
4022 16
4023 15
4024 12
4025 11
4026 12
4027 10
4028 12
4029 11
4030 2
4031 7
4032 11
4033 10
4034 9
4035 8
4036 12
4037 11
4038 10
4039 9
4040 10
4041 6
4042 9
4043 10
4044 8
4045 9
4046 7
4047 8
4048 9
4049 12
4050 11
4051 10
4052 5
4053 9
4054 10
4055 14
4056 13
4057 12
4058 13
4059 11
4060 12
4061 8
4062 9
4063 10
4064 7
4065 10
4066 14
4067 13
4068 12
4069 11
4070 12
4071 9
4072 12
4073 13
4074 14
4075 11
4076 13
4077 15
4078 14
4079 17
4080 18
4081 16
4082 20
4083 21
4084 19
4085 21
4086 20
4087 18
4088 20
4089 21
4090 19
4091 21
4092 20
4093 17
4094 18
4095 15
4096 12
4097 15
4098 14
4099 13
4100 10
4101 14
4102 15
4103 13
4104 15
4105 14
4106 15
4107 18
4108 17
4109 16
4110 12
4111 16
4112 18
4113 17
4114 15
4115 16
4116 14
4117 15
4118 17
4119 16
4120 17
4121 13
4122 15
4123 17
4124 16
4125 17
4126 19
4127 18
4128 14
4129 16
4130 17
4131 19
4132 18
4133 15
4134 17
4135 18
4136 21
4137 20
4138 19
4139 20
4140 21
4141 16
4142 17
4143 11
4144 13
4145 12
4146 13
4147 8
4148 13
4149 18
4150 17
4151 16
4152 17
4153 15
4154 14
4155 12
4156 14
4157 13
4158 14
4159 11
4160 12
4161 10
4162 9
4163 10
4164 11
4165 6
4166 9
4167 10
4168 11
4169 8
4170 12
4171 11
4172 16
4173 15
4174 14
4175 13
4176 15
4177 16
4178 14
4179 12
4180 16
4181 15
4182 16
4183 14
4184 15
4185 13
4186 10
4187 9
4188 10
4189 12
4190 13
4191 14
4192 16
4193 15
4194 17
4195 16
4196 17
4197 18
4198 11
4199 14
4200 13
4201 14
4202 16
4203 15
4204 12
4205 7
4206 13
4207 12
4208 11
4209 13
4210 12
4211 10
4212 12
4213 13
4214 11
4215 12
4216 9
4217 12
4218 14
4219 13
4220 11
4221 12
4222 10
4223 8
4224 12
4225 11
4226 13
4227 14
4228 12
4229 14
4230 13
4231 10
4232 14
4233 13
4234 12
4235 14
4236 15
4237 13
4238 15
4239 14
4240 11
4241 13
4242 12
4243 14
4244 13
4245 9
4246 4
4247 11
4248 10
4249 11
4250 12
4251 9
4252 12
4253 11
4254 13
4255 12
4256 13
4257 10
4258 8
4259 9
4260 7
4261 8
4262 14
4263 13
4264 14
4265 12
4266 11
4267 12
4268 10
4269 12
4270 13
4271 11
4272 9
4273 10
4274 11
4275 6
4276 10
4277 9
4278 10
4279 11
4280 8
4281 18
4282 19
4283 17
4284 19
4285 20
4286 18
4287 16
4288 18
4289 17
4290 20
4291 19
4292 18
4293 19
4294 15
4295 14
4296 17
4297 16
4298 15
4299 16
4300 13
4301 16
4302 17
4303 15
4304 14
4305 15
4306 12
4307 15
4308 16
4309 14
4310 16
4311 17
4312 15
4313 18
4314 17
4315 18
4316 19
4317 16
4318 13
4319 14
4320 11
4321 13
4322 12
4323 16
4324 15
4325 14
4326 15
4327 13
4328 10
4329 15
4330 14
4331 13
4332 12
4333 16
4334 15
4335 14
4336 13
4337 14
4338 11
4339 9
4340 11
4341 10
4342 7
4343 12
4344 11
4345 12
4346 10
4347 12
4348 13
4349 11
4350 13
4351 12
4352 14
4353 15
4354 13
4355 9
4356 8
4357 11
4358 13
4359 12
4360 10
4361 9
4362 11
4363 10
4364 5
4365 7
4366 9
4367 8
4368 10
4369 9
4370 6
4371 7
4372 3
4373 5
4374 9
4375 8
4376 12
4377 11
4378 12
4379 10
4380 11
4381 12
4382 9
4383 7
4384 16
4385 15
4386 14
4387 15
4388 16
4389 13
4390 12
4391 15
4392 14
4393 13
4394 14
4395 11
4396 14
4397 13
4398 16
4399 15
4400 14
4401 12
4402 10
4403 13
4404 14
4405 12
4406 13
4407 11
4408 12
4409 9
4410 11
4411 10
4412 12
4413 11
4414 13
4415 12
4416 14
4417 15
4418 13
4419 14
4420 8
4421 10
4422 9
4423 10
4424 13
4425 15
4426 14
4427 12
4428 13
4429 14
4430 11
4431 15
4432 14
4433 17
4434 16
4435 17
4436 18
4437 19
4438 15
4439 17
4440 16
4441 20
4442 19
4443 18
4444 19
4445 17
4446 18
4447 19
4448 13
4449 16
4450 17
4451 15
4452 16
4453 17
4454 18
4455 14
4456 18
4457 17
4458 18
4459 16
4460 18
4461 21
4462 22
4463 20
4464 19
4465 17
4466 19
4467 20
4468 18
4469 19
4470 20
4471 15
4472 12
4473 17
4474 16
4475 17
4476 18
4477 15
4478 16
4479 14
4480 15
4481 16
4482 13
4483 15
4484 16
4485 14
4486 6
4487 12
4488 11
4489 10
4490 11
4491 14
4492 13
4493 12
4494 16
4495 15
4496 14
4497 16
4498 15
4499 13
4500 15
4501 17
4502 16
4503 14
4504 9
4505 12
4506 11
4507 14
4508 13
4509 12
4510 10
4511 14
4512 13
4513 12
4514 11
4515 12
4516 13
4517 8
4518 12
4519 13
4520 14
4521 11
4522 14
4523 13
4524 15
4525 14
4526 12
4527 13
4528 10
4529 9
4530 10
4531 7
4532 12
4533 11
4534 12
4535 10
4536 9
4537 8
4538 9
4539 4
4540 13
4541 12
4542 11
4543 10
4544 9
4545 10
4546 11
4547 8
4548 7
4549 9
4550 10
4551 11
4552 8
4553 11
4554 10
4555 11
4556 12
4557 9
4558 6
4559 8
4560 10
4561 12
4562 11
4563 12
4564 9
4565 12
4566 11
4567 10
4568 12
4569 11
4570 7
4571 5
4572 11
4573 12
4574 13
4575 10
4576 9
4577 8
4578 9
4579 10
4580 7
4581 14
4582 13
4583 12
4584 11
4585 13
4586 12
4587 13
4588 14
4589 10
4590 11
4591 9
4592 8
4593 6
4594 11
4595 10
4596 9
4597 10
4598 11
4599 8
4600 7
4601 9
4602 8
4603 10
4604 9
4605 1
4606 11
4607 12
4608 10
4609 12
4610 11
4611 9
4612 12
4613 11
4614 10
4615 8
4616 12
4617 11
4618 14
4619 13
4620 12
4621 10
4622 11
4623 13
4624 12
4625 9
4626 12
4627 13
4628 11
4629 13
4630 12
4631 10
4632 11
4633 7
4634 11
4635 12
4636 10
4637 9
4638 12
4639 11
4640 12
4641 10
4642 11
4643 8
4644 10
4645 9
4646 10
4647 6
4648 9
4649 11
4650 10
4651 11
4652 8
4653 9
4654 7
4655 8
4656 5
4657 12
4658 11
4659 12
4660 14
4661 13
4662 15
4663 14
4664 10
4665 11
4666 9
4667 12
4668 11
4669 10
4670 11
4671 8
4672 14
4673 13
4674 14
4675 12
4676 14
4677 13
4678 11
4679 14
4680 13
4681 14
4682 12
4683 10
4684 11
4685 9
4686 11
4687 10
4688 11
4689 7
4690 10
4691 9
4692 14
4693 13
4694 12
4695 13
4696 14
4697 19
4698 18
4699 17
4700 16
4701 19
4702 21
4703 20
4704 21
4705 22
4706 23
4707 24
4708 18
4709 20
4710 19
4711 17
4712 15
4713 17
4714 19
4715 18
4716 16
4717 11
4718 13
4719 14
4720 12
4721 17
4722 16
4723 18
4724 17
4725 18
4726 19
4727 20
4728 15
4729 16
4730 14
4731 17
4732 16
4733 18
4734 17
4735 15
4736 17
4737 19
4738 18
4739 16
4740 13
4741 16
4742 15
4743 14
4744 18
4745 17
4746 18
4747 16
4748 17
4749 15
4750 17
4751 18
4752 16
4753 17
4754 18
4755 19
4756 21
4757 22
4758 20
4759 21
4760 10
4761 12
4762 13
4763 14
4764 11
4765 12
4766 15
4767 16
4768 14
4769 13
4770 15
4771 14
4772 8
4773 13
4774 12
4775 13
4776 16
4777 15
4778 14
4779 15
4780 11
4781 13
4782 12
4783 13
4784 14
4785 16
4786 15
4787 16
4788 10
4789 14
4790 13
4791 17
4792 16
4793 17
4794 15
4795 14
4796 15
4797 12
4798 14
4799 15
4800 20
4801 21
4802 19
4803 21
4804 20
4805 18
4806 21
4807 20
4808 21
4809 19
4810 20
4811 21
4812 17
4813 18
4814 20
4815 19
4816 20
4817 16
4818 13
4819 11
4820 13
4821 16
4822 17
4823 15
4824 18
4825 17
4826 18
4827 19
4828 16
4829 19
4830 20
4831 21
4832 18
4833 17
4834 14
4835 18
4836 17
4837 18
4838 16
4839 18
4840 17
4841 15
4842 16
4843 12
4844 14
4845 15
4846 13
4847 14
4848 9
4849 10
4850 13
4851 12
4852 14
4853 15
4854 13
4855 16
4856 15
4857 16
4858 17
4859 14
4860 11
4861 6
4862 10
4863 9
4864 8
4865 12
4866 11
4867 12
4868 10
4869 13
4870 14
4871 12
4872 11
4873 13
4874 12
4875 14
4876 13
4877 14
4878 9
4879 7
4880 11
4881 10
4882 12
4883 11
4884 9
4885 11
4886 13
4887 12
4888 10
4889 8
4890 10
4891 11
4892 9
4893 4
4894 9
4895 8
4896 9
4897 7
4898 11
4899 12
4900 10
4901 12
4902 14
4903 13
4904 11
4905 16
4906 15
4907 14
4908 15
4909 13
4910 14
4911 12
4912 14
4913 13
4914 9
4915 14
4916 15
4917 13
4918 14
4919 12
4920 13
4921 11
4922 12
4923 10
4924 14
4925 13
4926 14
4927 12
4928 15
4929 14
4930 13
4931 14
4932 15
4933 11
4934 15
4935 14
4936 13
4937 14
4938 15
4939 12
4940 13
4941 14
4942 8
4943 11
4944 10
4945 12
4946 11
4947 13
4948 14
4949 12
4950 15
4951 16
4952 14
4953 13
4954 14
4955 16
4956 15
4957 9
4958 19
4959 18
4960 19
4961 21
4962 22
4963 20
4964 21
4965 17
4966 19
4967 21
4968 24
4969 25
4970 26
4971 23
4972 22
4973 23
4974 24
4975 20
4976 21
4977 22
4978 18
4979 21
4980 20
4981 19
4982 21
4983 20
4984 16
4985 15
4986 20
4987 19
4988 18
4989 17
4990 19
4991 20
4992 18
4993 20
4994 19
4995 16
4996 14
4997 18
4998 17
4999 16
5000 15
5001 17
5002 16
5003 18
5004 20
5005 19
5006 17
5007 20
5008 21
5009 22
5010 19
5011 22
5012 21
5013 22
5014 20
5015 18
5016 19
5017 20
5018 13
5019 17
5020 16
5021 17
5022 15
5023 14
5024 12
5025 15
5026 16
5027 19
5028 18
5029 17
5030 14
5031 13
5032 19
5033 20
5034 18
5035 20
5036 19
5037 17
5038 18
5039 20
5040 19
5041 16
5042 18
5043 17
5044 18
5045 19
5046 20
5047 15
5048 21
5049 20
5050 22
5051 23
5052 21
5053 19
5054 21
5055 22
5056 20
5057 18
5058 20
5059 19
5060 20
5061 17
5062 16
5063 20
5064 22
5065 23
5066 21
5067 19
5068 18
5069 22
5070 23
5071 21
5072 22
5073 20
5074 22
5075 21
5076 22
5077 24
5078 23
5079 24
5080 19
5081 17
5082 19
5083 18
5084 19
5085 14
5086 16
5087 15
5088 16
5089 17
5090 11
5091 16
5092 15
5093 16
5094 14
5095 13
5096 16
5097 17
5098 15
5099 16
5100 17
5101 20
5102 19
5103 18
5104 19
5105 14
5106 15
5107 16
5108 12
5109 14
5110 13
5111 10
5112 15
5113 16
5114 14
5115 15
5116 17
5117 16
5118 17
5119 13
5120 17
5121 16
5122 15
5123 16
5124 14
5125 12
5126 15
5127 18
5128 21
5129 20
5130 19
5131 17
5132 20
5133 19
5134 18
5135 19
5136 16
5137 21
5138 20
5139 22
5140 21
5141 19
5142 18
5143 19
5144 17
5145 18
5146 14
5147 17
5148 18
5149 16
5150 18
5151 19
5152 20
5153 21
5154 17
5155 15
5156 17
5157 16
5158 13
5159 14
5160 16
5161 15
5162 16
5163 18
5164 17
5165 19
5166 18
5167 11
5168 6
5169 11
5170 10
5171 11
5172 9
5173 12
5174 13
5175 11
5176 12
5177 10
5178 13
5179 12
5180 13
5181 14
5182 11
5183 8
5184 13
5185 12
5186 11
5187 10
5188 12
5189 11
5190 12
5191 9
5192 12
5193 13
5194 11
5195 12
5196 13
5197 10
5198 12
5199 14
5200 13
5201 11
5202 7
5203 12
5204 11
5205 12
5206 15
5207 14
5208 13
5209 10
5210 12
5211 11
5212 9
5213 8
5214 12
5215 11
5216 10
5217 11
5218 13
5219 14
5220 12
5221 9
5222 10
5223 5
5224 9
5225 8
5226 12
5227 13
5228 11
5229 12
5230 15
5231 14
5232 13
5233 14
5234 15
5235 10
5236 15
5237 16
5238 14
5239 15
5240 13
5241 14
5242 12
5243 13
5244 14
5245 15
5246 11
5247 12
5248 14
5249 13
5250 14
5251 9
5252 14
5253 13
5254 15
5255 14
5256 12
5257 13
5258 11
5259 16
5260 15
5261 16
5262 14
5263 15
5264 13
5265 16
5266 17
5267 18
5268 15
5269 18
5270 19
5271 17
5272 16
5273 19
5274 18
5275 17
5276 14
5277 15
5278 16
5279 12
5280 15
5281 14
5282 15
5283 16
5284 13
5285 18
5286 17
5287 19
5288 18
5289 16
5290 17
5291 15
5292 18
5293 17
5294 20
5295 19
5296 20
5297 18
5298 16
5299 18
5300 17
5301 14
5302 16
5303 15
5304 10
5305 13
5306 12
5307 11
5308 15
5309 14
5310 13
5311 14
5312 12
5313 15
5314 14
5315 16
5316 15
5317 13
5318 19
5319 18
5320 19
5321 17
5322 16
5323 15
5324 17
5325 16
5326 17
5327 14
5328 16
5329 17
5330 18
5331 15
5332 17
5333 18
5334 16
5335 17
5336 7
5337 13
5338 12
5339 13
5340 14
5341 16
5342 15
5343 11
5344 12
5345 13
5346 10
5347 13
5348 12
5349 14
5350 13
5351 11
5352 15
5353 14
5354 13
5355 14
5356 15
5357 12
5358 14
5359 18
5360 17
5361 18
5362 16
5363 15
5364 18
5365 17
5366 19
5367 18
5368 16
5369 13
5370 9
5371 8
5372 13
5373 16
5374 17
5375 15
5376 17
5377 16
5378 14
5379 16
5380 15
5381 18
5382 17
5383 16
5384 12
5385 11
5386 14
5387 13
5388 15
5389 14
5390 12
5391 14
5392 13
5393 10
5394 15
5395 17
5396 16
5397 14
5398 13
5399 14
5400 15
5401 12
5402 15
5403 14
5404 13
5405 14
5406 16
5407 15
5408 11
5409 14
5410 13
5411 12
5412 9
5413 11
5414 10
5415 11
5416 13
5417 14
5418 15
5419 12
5420 13
5421 14
5422 18
5423 17
5424 19
5425 18
5426 16
5427 18
5428 17
5429 18
5430 19
5431 15
5432 6
5433 13
5434 12
5435 11
5436 12
5437 10
5438 9
5439 10
5440 8
5441 12
5442 11
5443 12
5444 10
5445 9
5446 12
5447 13
5448 11
5449 13
5450 14
5451 15
5452 12
5453 10
5454 7
5455 12
5456 11
5457 13
5458 14
5459 12
5460 10
5461 13
5462 14
5463 12
5464 11
5465 12
5466 9
5467 12
5468 11
5469 10
5470 8
5471 11
5472 10
5473 11
5474 9
5475 3
5476 8
5477 9
5478 7
5479 9
5480 8
5481 6
5482 5
5483 12
5484 11
5485 13
5486 12
5487 10
5488 13
5489 12
5490 13
5491 11
5492 9
5493 12
5494 11
5495 14
5496 15
5497 13
5498 12
5499 10
5500 11
5501 13
5502 12
5503 8
5504 7
5505 9
5506 8
5507 6
5508 4
5509 8
5510 9
5511 11
5512 10
5513 12
5514 11
5515 7
5516 9
5517 8
5518 6
5519 12
5520 11
5521 10
5522 13
5523 14
5524 12
5525 13
5526 11
5527 9
5528 10
5529 13
5530 12
5531 11
5532 12
5533 14
5534 13
5535 15
5536 14
5537 8
5538 11
5539 10
5540 13
5541 12
5542 14
5543 13
5544 11
5545 12
5546 9
5547 12
5548 11
5549 10
5550 15
5551 14
5552 15
5553 16
5554 13
5555 16
5556 17
5557 15
5558 14
5559 17
5560 16
5561 15
5562 18
5563 17
5564 19
5565 18
5566 19
5567 16
5568 12
5569 11
5570 13
5571 14
5572 15
5573 16
5574 17
5575 12
5576 7
5577 17
5578 16
5579 17
5580 15
5581 16
5582 14
5583 16
5584 15
5585 17
5586 18
5587 19
5588 16
5589 17
5590 13
5591 16
5592 15
5593 16
5594 14
5595 16
5596 17
5597 18
5598 15
5599 18
5600 17
5601 16
5602 17
5603 18
5604 19
5605 12
5606 13
5607 11
5608 13
5609 14
5610 12
5611 15
5612 14
5613 13
5614 19
5615 18
5616 17
5617 20
5618 19
5619 18
5620 19
5621 16
5622 18
5623 17
5624 18
5625 21
5626 20
5627 19
5628 15
5629 18
5630 17
5631 16
5632 19
5633 18
5634 17
5635 19
5636 18
5637 14
5638 15
5639 10
5640 14
5641 13
5642 15
5643 14
5644 12
5645 11
5646 15
5647 14
5648 13
5649 12
5650 14
5651 15
5652 13
5653 9
5654 15
5655 14
5656 13
5657 12
5658 13
5659 11
5660 12
5661 13
5662 15
5663 14
5664 10
5665 11
5666 8
5667 11
5668 12
5669 10
5670 15
5671 14
5672 16
5673 15
5674 13
5675 18
5676 19
5677 21
5678 20
5679 17
5680 20
5681 19
5682 18
5683 20
5684 19
5685 16
5686 18
5687 19
5688 17
5689 15
5690 14
5691 17
5692 16
5693 15
5694 17
5695 16
5696 17
5697 12
5698 15
5699 14
5700 16
5701 17
5702 15
5703 13
5704 15
5705 14
5706 16
5707 15
5708 11
5709 13
5710 16
5711 15
5712 14
5713 16
5714 15
5715 16
5716 12
5717 14
5718 15
5719 16
5720 13
5721 14
5722 9
5723 13
5724 15
5725 17
5726 16
5727 14
5728 12
5729 18
5730 17
5731 18
5732 16
5733 17
5734 19
5735 18
5736 20
5737 19
5738 20
5739 15
5740 14
5741 16
5742 15
5743 13
5744 15
5745 14
5746 15
5747 11
5748 14
5749 13
5750 15
5751 14
5752 15
5753 16
5754 18
5755 17
5756 12
5757 14
5758 16
5759 17
5760 15
5761 16
5762 18
5763 17
5764 13
5765 14
5766 10
5767 12
5768 13
5769 14
5770 15
5771 11
5772 13
5773 14
5774 12
5775 13
5776 14
5777 15
5778 5
5779 9
5780 8
5781 7
5782 6
5783 9
5784 8
5785 9
5786 7
5787 14
5788 15
5789 16
5790 13
5791 12
5792 11
5793 10
5794 14
5795 16
5796 15
5797 13
5798 12
5799 13
5800 14
5801 11
5802 12
5803 15
5804 17
5805 16
5806 14
5807 16
5808 15
5809 13
5810 14
5811 9
5812 11
5813 14
5814 15
5815 13
5816 15
5817 14
5818 12
5819 14
5820 13
5821 14
5822 10
5823 13
5824 12
5825 14
5826 13
5827 14
5828 11
5829 12
5830 8
5831 10
5832 9
5833 2
5834 5
5835 13
5836 12
5837 17
5838 16
5839 19
5840 18
5841 19
5842 17
5843 15
5844 16
5845 17
5846 18
5847 14
5848 19
5849 20
5850 18
5851 19
5852 20
5853 17
5854 16
5855 18
5856 20
5857 19
5858 17
5859 15
5860 16
5861 17
5862 13
5863 11
5864 18
5865 17
5866 18
5867 19
5868 21
5869 20
5870 16
5871 18
5872 19
5873 20
5874 17
5875 15
5876 16
5877 18
5878 17
5879 14
5880 15
5881 18
5882 19
5883 17
5884 16
5885 13
5886 17
5887 16
5888 17
5889 15
5890 14
5891 19
5892 18
5893 20
5894 21
5895 19
5896 17
5897 16
5898 18
5899 17
5900 20
5901 19
5902 18
5903 15
5904 12
5905 19
5906 18
5907 17
5908 18
5909 16
5910 17
5911 15
5912 14
5913 15
5914 13
5915 15
5916 19
5917 18
5918 19
5919 17
5920 19
5921 18
5922 16
5923 17
5924 14
5925 16
5926 15
5927 10
5928 13
5929 14
5930 12
5931 13
5932 11
5933 13
5934 14
5935 12
5936 15
5937 14
5938 16
5939 15
5940 16
5941 17
5942 13
5943 16
5944 17
5945 15
5946 18
5947 17
5948 16
5949 14
5950 19
5951 18
5952 19
5953 17
5954 16
5955 20
5956 21
5957 19
5958 18
5959 17
5960 18
5961 20
5962 19
5963 15
5964 18
5965 20
5966 19
5967 17
5968 18
5969 16
5970 17
5971 9
5972 14
5973 13
5974 14
5975 16
5976 17
5977 15
5978 12
5979 13
5980 14
5981 11
5982 10
5983 15
5984 16
5985 14
5986 15
5987 17
5988 16
5989 17
5990 13
5991 12
5992 21
5993 23
5994 22
5995 20
5996 21
5997 23
5998 22
5999 19
6000 18
6001 21
6002 22
6003 20
6004 22
6005 21
6006 19
6007 20
6008 17
6009 20
6010 22
6011 21
6012 22
6013 19
6014 20
6015 21
6016 18
6017 16
6018 20
6019 21
6020 19
6021 21
6022 20
6023 18
6024 17
6025 15
6026 16
6027 17
6028 14
6029 20
6030 19
6031 18
6032 19
6033 17
6034 18
6035 16
6036 17
6037 18
6038 15
6039 16
6040 13
6041 16
6042 15
6043 17
6044 16
6045 18
6046 17
6047 14
6048 17
6049 16
6050 18
6051 17
6052 19
6053 20
6054 18
6055 15
6056 17
6057 16
6058 17
6059 11
6060 15
6061 18
6062 17
6063 19
6064 18
6065 16
6066 17
6067 14
6068 18
6069 17
6070 16
6071 17
6072 15
6073 13
6074 20
6075 19
6076 18
6077 19
6078 17
6079 18
6080 16
6081 19
6082 18
6083 23
6084 24
6085 22
6086 21
6087 20
6088 19
6089 17
6090 22
6091 21
6092 20
6093 21
6094 19
6095 18
6096 15
6097 17
6098 18
6099 21
6100 23
6101 22
6102 24
6103 26
6104 25
6105 23
6106 24
6107 20
6108 22
6109 23
6110 24
6111 25
6112 21
6113 19
6114 20
6115 16
6116 18
6117 17
6118 18
6119 14
6120 15
6121 22
6122 21
6123 20
6124 21
6125 19
6126 21
6127 20
6128 21
6129 18
6130 17
6131 16
6132 18
6133 17
6134 12
6135 15
6136 14
6137 16
6138 17
6139 15
6140 13
6141 14
6142 8
6143 17
6144 16
6145 15
6146 16
6147 17
6148 14
6149 18
6150 17
6151 16
6152 18
6153 17
6154 15
6155 17
6156 16
6157 13
6158 15
6159 14
6160 16
6161 15
6162 16
6163 12
6164 15
6165 17
6166 16
6167 14
6168 20
6169 19
6170 23
6171 22
6172 21
6173 20
6174 18
6175 20
6176 19
6177 20
6178 17
6179 18
6180 19
6181 16
6182 15
6183 19
6184 21
6185 20
6186 23
6187 22
6188 21
6189 18
6190 17
6191 21
6192 20
6193 24
6194 23
6195 22
6196 21
6197 19
6198 18
6199 20
6200 19
6201 20
6202 21
6203 22
6204 16
6205 18
6206 17
6207 20
6208 22
6209 23
6210 21
6211 19
6212 22
6213 21
6214 22
6215 20
6216 21
6217 18
6218 20
6219 19
6220 20
6221 13
6222 17
6223 20
6224 19
6225 21
6226 20
6227 21
6228 22
6229 18
6230 16
6231 18
6232 17
6233 20
6234 19
6235 18
6236 19
6237 20
6238 21
6239 15
6240 14
6241 17
6242 16
6243 15
6244 18
6245 17
6246 16
6247 11
6248 14
6249 16
6250 19
6251 18
6252 17
6253 18
6254 15
6255 13
6256 16
6257 18
6258 17
6259 18
6260 15
6261 14
6262 12
6263 18
6264 17
6265 16
6266 17
6267 18
6268 15
6269 18
6270 17
6271 16
6272 17
6273 14
6274 15
6275 13
6276 16
6277 15
6278 18
6279 19
6280 20
6281 17
6282 16
6283 14
6284 16
6285 18
6286 17
6287 18
6288 15
6289 17
6290 16
6291 17
6292 19
6293 23
6294 22
6295 21
6296 22
6297 23
6298 20
6299 22
6300 24
6301 23
6302 21
6303 18
6304 19
6305 10
6306 14
6307 13
6308 15
6309 14
6310 16
6311 15
6312 16
6313 12
6314 16
6315 15
6316 19
6317 18
6318 20
6319 19
6320 21
6321 20
6322 24
6323 23
6324 22
6325 23
6326 21
6327 17
6328 18
6329 16
6330 18
6331 19
6332 17
6333 14
6334 13
6335 15
6336 16
6337 14
6338 16
6339 17
6340 18
6341 19
6342 15
6343 17
6344 18
6345 16
6346 11
6347 15
6348 14
6349 13
6350 16
6351 17
6352 18
6353 15
6354 19
6355 20
6356 21
6357 22
6358 18
6359 17
6360 18
6361 16
6362 14
6363 16
6364 15
6365 19
6366 18
6367 17
6368 18
6369 19
6370 16
6371 12
6372 14
6373 15
6374 13
6375 9
6376 17
6377 16
6378 15
6379 17
6380 18
6381 16
6382 14
6383 13
6384 14
6385 16
6386 15
6387 12
6388 15
6389 17
6390 16
6391 14
6392 13
6393 14
6394 15
6395 16
6396 11
6397 13
6398 12
6399 13
6400 14
6401 10
6402 18
6403 17
6404 16
6405 18
6406 17
6407 18
6408 20
6409 19
6410 20
6411 15
6412 17
6413 16
6414 17
6415 14
6416 15
6417 13
6418 19
6419 18
6420 19
6421 17
6422 16
6423 15
6424 21
6425 20
6426 19
6427 18
6428 20
6429 19
6430 20
6431 21
6432 17
6433 18
6434 19
6435 16
6436 19
6437 18
6438 21
6439 23
6440 22
6441 23
6442 20
6443 21
6444 19
6445 20
6446 17
6447 19
6448 26
6449 25
6450 24
6451 23
6452 22
6453 24
6454 25
6455 23
6456 24
6457 21
6458 22
6459 23
6460 24
6461 25
6462 20
6463 18
6464 19
6465 14
6466 17
6467 20
6468 19
6469 18
6470 19
6471 16
6472 17
6473 19
6474 18
6475 15
6476 17
6477 16
6478 18
6479 17
6480 12
6481 15
6482 16
6483 14
6484 17
6485 16
6486 17
6487 19
6488 18
6489 19
6490 15
6491 13
6492 17
6493 18
6494 16
6495 19
6496 20
6497 21
6498 18
6499 19
6500 17
6501 18
6502 15
6503 20
6504 19
6505 18
6506 20
6507 19
6508 20
6509 21
6510 17
6511 20
6512 19
6513 18
6514 19
6515 16
6516 19
6517 18
6518 17
6519 14
6520 17
6521 16
6522 17
6523 15
6524 17
6525 16
6526 11
6527 17
6528 19
6529 18
6530 16
6531 15
6532 16
6533 18
6534 17
6535 18
6536 14
6537 20
6538 19
6539 18
6540 19
6541 17
6542 20
6543 22
6544 21
6545 19
6546 18
6547 19
6548 24
6549 23
6550 24
6551 22
6552 23
6553 21
6554 23
6555 22
6556 20
6557 23
6558 22
6559 21
6560 23
6561 22
6562 23
6563 26
6564 25
6565 26
6566 24
6567 25
6568 26
6569 16
6570 18
6571 17
6572 15
6573 20
6574 19
6575 18
6576 19
6577 17
6578 19
6579 18
6580 21
6581 20
6582 21
6583 19
6584 16
6585 18
6586 20
6587 19
6588 20
6589 17
6590 23
6591 22
6592 24
6593 25
6594 23
6595 25
6596 24
6597 21
6598 22
6599 23
6600 20
6601 24
6602 23
6603 26
6604 25
6605 26
6606 24
6607 22
6608 21
6609 24
6610 23
6611 22
6612 19
6613 22
6614 23
6615 21
6616 20
6617 24
6618 23
6619 22
6620 23
6621 21
6622 26
6623 25
6624 24
6625 25
6626 23
6627 26
6628 25
6629 27
6630 26
6631 24
6632 25
6633 26
6634 22
6635 26
6636 25
6637 24
6638 25
6639 23
6640 18
6641 19
6642 21
6643 20
6644 13
6645 16
6646 15
6647 21
6648 20
6649 21
6650 22
6651 19
6652 21
6653 20
6654 18
6655 20
6656 19
6657 17
6658 19
6659 18
6660 19
6661 16
6662 18
6663 17
6664 18
6665 22
6666 21
6667 20
6668 22
6669 21
6670 22
6671 24
6672 27
6673 26
6674 25
6675 26
6676 23
6677 19
6678 20
6679 22
6680 23
6681 21
6682 14
6683 17
6684 20
6685 21
6686 19
6687 18
6688 19
6689 16
6690 15
6691 18
6692 19
6693 17
6694 21
6695 20
6696 19
6697 21
6698 20
6699 18
6700 16
6701 17
6702 12
6703 19
6704 18
6705 17
6706 16
6707 20
6708 21
6709 23
6710 22
6711 19
6712 20
6713 18
6714 17
6715 19
6716 18
6717 15
6718 19
6719 18
6720 21
6721 20
6722 21
6723 23
6724 24
6725 22
6726 23
6727 24
6728 19
6729 20
6730 17
6731 21
6732 20
6733 19
6734 21
6735 20
6736 18
6737 19
6738 16
6739 17
6740 14
6741 17
6742 18
6743 16
6744 17
6745 15
6746 20
6747 19
6748 21
6749 22
6750 20
6751 18
6752 21
6753 20
6754 19
6755 20
6756 21
6757 17
6758 18
6759 19
6760 22
6761 21
6762 20
6763 16
6764 17
6765 13
6766 16
6767 17
6768 15
6769 17
6770 16
6771 14
6772 16
6773 19
6774 18
6775 17
6776 15
6777 7
6778 16
6779 15
6780 14
6781 15
6782 13
6783 14
6784 12
6785 14
6786 18
6787 17
6788 16
6789 17
6790 15
6791 17
6792 16
6793 13
6794 14
6795 15
6796 11
6797 14
6798 13
6799 12
6800 10
6801 13
6802 14
6803 12
6804 13
6805 11
6806 12
6807 13
6808 9
6809 13
6810 12
6811 11
6812 13
6813 14
6814 12
6815 13
6816 10
6817 11
6818 14
6819 15
6820 16
6821 13
6822 12
6823 13
6824 8
6825 11
6826 10
6827 9
6828 13
6829 12
6830 14
6831 13
6832 14
6833 11
6834 13
6835 14
6836 15
6837 12
6838 13
6839 10
6840 14
6841 13
6842 12
6843 14
6844 13
6845 11
6846 17
6847 16
6848 15
6849 16
6850 14
6851 15
6852 17
6853 16
6854 13
6855 12
6856 14
6857 13
6858 6
6859 15
6860 14
6861 13
6862 12
6863 16
6864 15
6865 14
6866 13
6867 15
6868 17
6869 16
6870 14
6871 16
6872 15
6873 16
6874 11
6875 13
6876 12
6877 10
6878 14
6879 13
6880 15
6881 16
6882 14
6883 12
6884 14
6885 13
6886 16
6887 17
6888 15
6889 16
6890 14
6891 16
6892 15
6893 17
6894 16
6895 18
6896 17
6897 18
6898 11
6899 12
6900 13
6901 9
6902 8
6903 12
6904 13
6905 15
6906 14
6907 11
6908 14
6909 13
6910 16
6911 17
6912 19
6913 20
6914 18
6915 19
6916 15
6917 14
6918 16
6919 15
6920 12
6921 13
6922 14
6923 10
6924 19
6925 18
6926 17
6927 18
6928 16
6929 19
6930 18
6931 17
6932 15
6933 17
6934 16
6935 14
6936 16
6937 15
6938 17
6939 16
6940 13
6941 15
6942 16
6943 14
6944 12
6945 13
6946 17
6947 16
6948 15
6949 17
6950 16
6951 14
6952 11
6953 14
6954 13
6955 15
6956 14
6957 15
6958 12
6959 17
6960 19
6961 18
6962 16
6963 15
6964 14
6965 16
6966 17
6967 15
6968 18
6969 17
6970 16
6971 13
6972 20
6973 19
6974 20
6975 18
6976 17
6977 16
6978 18
6979 17
6980 15
6981 17
6982 19
6983 20
6984 18
6985 20
6986 19
6987 16
6988 17
6989 20
6990 21
6991 22
6992 19
6993 20
6994 18
6995 20
6996 19
6997 14
6998 15
6999 16
7000 17
7001 9
7002 15
7003 14
7004 13
7005 14
7006 12
7007 14
7008 13
7009 14
7010 11
7011 14
7012 13
7013 14
7014 15
7015 18
7016 17
7017 18
7018 16
7019 18
7020 17
7021 19
7022 18
7023 19
7024 12
7025 14
7026 17
7027 19
7028 20
7029 21
7030 18
7031 16
7032 19
7033 18
7034 17
7035 18
7036 15
7037 16
7038 13
7039 10
7040 13
7041 15
7042 14
7043 15
7044 16
7045 19
7046 18
7047 19
7048 17
7049 18
7050 12
7051 13
7052 11
7053 12
7054 7
7055 10
7056 9
7057 14
7058 13
7059 15
7060 14
7061 15
7062 12
7063 13
7064 15
7065 16
7066 14
7067 16
7068 15
7069 16
7070 11
7071 14
7072 13
7073 12
7074 17
7075 19
7076 18
7077 16
7078 17
7079 15
7080 14
7081 15
7082 13
7083 15
7084 16
7085 14
7086 16
7087 17
7088 15
7089 10
7090 13
7091 12
7092 11
7093 15
7094 14
7095 15
7096 17
7097 16
7098 17
7099 18
7100 13
7101 15
7102 16
7103 17
7104 14
7105 15
7106 16
7107 12
7108 14
7109 16
7110 15
7111 16
7112 13
7113 16
7114 17
7115 15
7116 16
7117 17
7118 14
7119 15
7120 8
7121 12
7122 11
7123 12
7124 10
7125 11
7126 9
7127 14
7128 13
7129 16
7130 15
7131 14
7132 15
7133 17
7134 18
7135 20
7136 19
7137 16
7138 12
7139 13
7140 11
7141 16
7142 15
7143 17
7144 20
7145 19
7146 18
7147 19
7148 20
7149 16
7150 17
7151 18
7152 14
7153 16
7154 15
7155 16
7156 17
7157 13
7158 17
7159 18
7160 19
7161 16
7162 15
7163 16
7164 18
7165 17
7166 18
7167 20
7168 21
7169 22
7170 19
7171 14
7172 15
7173 19
7174 18
7175 17
7176 16
7177 12
7178 16
7179 15
7180 16
7181 14
7182 13
7183 16
7184 15
7185 14
7186 15
7187 19
7188 18
7189 19
7190 17
7191 16
7192 10
7193 13
7194 12
7195 14
7196 13
7197 11
7198 4
7199 11
7200 10
7201 12
7202 13
7203 11
7204 9
7205 8
7206 10
7207 9
7208 11
7209 10
7210 11
7211 7
7212 12
7213 11
7214 12
7215 10
7216 11
7217 15
7218 14
7219 13
7220 15
7221 14
7222 16
7223 15
7224 12
7225 13
7226 9
7227 13
7228 12
7229 11
7230 10
7231 13
7232 15
7233 14
7234 12
7235 13
7236 14
7237 11
7238 15
7239 14
7240 13
7241 12
7242 13
7243 15
7244 14
7245 15
7246 8
7247 13
7248 12
7249 11
7250 13
7251 12
7252 13
7253 10
7254 15
7255 14
7256 15
7257 13
7258 12
7259 11
7260 14
7261 13
7262 12
7263 9
7264 14
7265 15
7266 13
7267 15
7268 14
7269 12
7270 13
7271 11
7272 13
7273 14
7274 16
7275 15
7276 16
7277 12
7278 15
7279 14
7280 13
7281 10
7282 6
7283 9
7284 10
7285 8
7286 7
7287 8
7288 14
7289 16
7290 15
7291 17
7292 16
7293 13
7294 16
7295 15
7296 16
7297 14
7298 15
7299 12
7300 15
7301 17
7302 16
7303 17
7304 14
7305 13
7306 15
7307 16
7308 14
7309 17
7310 16
7311 17
7312 15
7313 18
7314 17
7315 18
7316 19
7317 16
7318 11
7319 10
7320 11
7321 12
7322 9
7323 10
7324 5
7325 8
7326 9
7327 7
7328 10
7329 9
7330 12
7331 13
7332 11
7333 12
7334 13
7335 10
7336 8
7337 10
7338 9
7339 10
7340 11
7341 6
7342 15
7343 14
7344 13
7345 15
7346 18
7347 19
7348 17
7349 16
7350 18
7351 17
7352 14
7353 12
7354 11
7355 14
7356 13
7357 15
7358 14
7359 12
7360 15
7361 16
7362 14
7363 16
7364 18
7365 17
7366 15
7367 16
7368 17
7369 19
7370 18
7371 13
7372 15
7373 16
7374 14
7375 15
7376 10
7377 9
7378 13
7379 14
7380 12
7381 14
7382 15
7383 13
7384 11
7385 13
7386 12
7387 10
7388 13
7389 12
7390 11
7391 8
7392 15
7393 16
7394 14
7395 15
7396 13
7397 14
7398 15
7399 12
7400 13
7401 11
7402 16
7403 17
7404 20
7405 19
7406 18
7407 19
7408 20
7409 15
7410 14
7411 15
7412 16
7413 13
7414 14
7415 12
7416 15
7417 16
7418 14
7419 17
7420 16
7421 15
7422 13
7423 14
7424 17
7425 20
7426 19
7427 18
7428 16
7429 17
7430 15
7431 17
7432 16
7433 17
7434 10
7435 14
7436 15
7437 16
7438 13
7439 15
7440 16
7441 14
7442 12
7443 14
7444 13
7445 14
7446 11
7447 15
7448 16
7449 17
7450 14
7451 13
7452 14
7453 12
7454 16
7455 15
7456 16
7457 14
7458 15
7459 13
7460 15
7461 14
7462 15
7463 9
7464 10
7465 12
7466 13
7467 14
7468 11
7469 7
7470 9
7471 8
7472 9
7473 3
7474 14
7475 15
7476 13
7477 14
7478 15
7479 12
7480 13
7481 11
7482 13
7483 15
7484 14
7485 12
7486 10
7487 13
7488 12
7489 11
7490 12
7491 9
7492 14
7493 15
7494 13
7495 12
7496 13
7497 11
7498 13
7499 14
7500 12
7501 14
7502 13
7503 10
7504 14
7505 13
7506 12
7507 11
7508 8
7509 14
7510 13
7511 12
7512 13
7513 11
7514 12
7515 10
7516 9
7517 12
7518 13
7519 11
7520 10
7521 15
7522 14
7523 13
7524 12
7525 14
7526 13
7527 11
7528 12
7529 7
7530 12
7531 15
7532 14
7533 15
7534 13
7535 11
7536 18
7537 17
7538 16
7539 18
7540 19
7541 17
7542 18
7543 19
7544 20
7545 15
7546 17
7547 16
7548 14
7549 17
7550 18
7551 16
7552 18
7553 17
7554 15
7555 17
7556 18
7557 19
7558 16
7559 13
7560 14
7561 16
7562 15
7563 12
7564 13
7565 14
7566 10
7567 16
7568 15
7569 17
7570 16
7571 18
7572 17
7573 18
7574 14
7575 15
7576 13
7577 12
7578 15
7579 14
7580 13
7581 14
7582 11
7583 13
7584 14
7585 12
7586 9
7587 10
7588 15
7589 16
7590 14
7591 13
7592 14
7593 12
7594 14
7595 13
7596 14
7597 11
7598 13
7599 15
7600 14
7601 16
7602 15
7603 12
7604 15
7605 14
7606 15
7607 16
7608 13
7609 8
7610 10
7611 9
7612 6
7613 9
7614 11
7615 12
7616 10
7617 8
7618 12
7619 13
7620 11
7621 10
7622 9
7623 11
7624 12
7625 10
7626 12
7627 11
7628 7
7629 8
7630 5
7631 10
7632 14
7633 15
7634 13
7635 15
7636 14
7637 12
7638 14
7639 13
7640 14
7641 11
7642 9
7643 11
7644 12
7645 10
7646 11
7647 8
7648 10
7649 12
7650 11
7651 12
7652 9
7653 10
7654 12
7655 11
7656 7
7657 9
7658 11
7659 10
7660 13
7661 12
7662 11
7663 8
7664 9
7665 11
7666 12
7667 10
7668 6
7669 10
7670 9
7671 8
7672 14
7673 15
7674 13
7675 15
7676 14
7677 12
7678 13
7679 11
7680 10
7681 12
7682 16
7683 15
7684 16
7685 14
7686 15
7687 13
7688 14
7689 15
7690 11
7691 12
7692 9
7693 12
7694 11
7695 13
7696 12
7697 10
7698 12
7699 11
7700 13
7701 12
7702 7
7703 11
7704 10
7705 9
7706 8
7707 13
7708 12
7709 11
7710 10
7711 11
7712 9
7713 10
7714 12
7715 14
7716 13
7717 11
7718 4
7719 12
7720 14
7721 15
7722 13
7723 14
7724 16
7725 15
7726 11
7727 14
7728 16
7729 15
7730 13
7731 15
7732 14
7733 12
7734 13
7735 10
7736 12
7737 16
7738 15
7739 14
7740 13
7741 16
7742 15
7743 14
7744 11
7745 16
7746 15
7747 14
7748 18
7749 17
7750 18
7751 16
7752 17
7753 15
7754 17
7755 18
7756 16
7757 13
7758 12
7759 13
7760 14
7761 15
7762 9
7763 12
7764 14
7765 15
7766 13
7767 14
7768 15
7769 11
7770 15
7771 14
7772 13
7773 12
7774 14
7775 17
7776 16
7777 18
7778 17
7779 15
7780 18
7781 17
7782 18
7783 16
7784 13
7785 15
7786 14
7787 15
7788 16
7789 10
7790 16
7791 18
7792 17
7793 15
7794 17
7795 18
7796 16
7797 18
7798 17
7799 14
7800 13
7801 12
7802 11
7803 13
7804 12
7805 16
7806 15
7807 16
7808 17
7809 14
7810 16
7811 15
7812 17
7813 16
7814 13
7815 18
7816 20
7817 19
7818 17
7819 16
7820 15
7821 17
7822 18
7823 16
7824 20
7825 19
7826 18
7827 19
7828 17
7829 18
7830 14
7831 8
7832 18
7833 17
7834 19
7835 21
7836 20
7837 18
7838 16
7839 15
7840 20
7841 19
7842 21
7843 22
7844 20
7845 22
7846 21
7847 18
7848 19
7849 17
7850 19
7851 23
7852 22
7853 21
7854 20
7855 21
7856 22
7857 18
7858 19
7859 16
7860 17
7861 18
7862 14
7863 20
7864 22
7865 23
7866 21
7867 19
7868 21
7869 22
7870 20
7871 18
7872 19
7873 17
7874 20
7875 19
7876 20
7877 18
7878 20
7879 19
7880 22
7881 23
7882 24
7883 21
7884 23
7885 22
7886 23
7887 20
7888 16
7889 17
7890 19
7891 18
7892 20
7893 19
7894 15
7895 20
7896 19
7897 20
7898 18
7899 19
7900 22
7901 21
7902 20
7903 17
7904 22
7905 21
7906 23
7907 22
7908 20
7909 24
7910 23
7911 22
7912 23
7913 21
7914 23
7915 22
7916 19
7917 21
7918 22
7919 20
7920 21
7921 18
7922 19
7923 16
7924 18
7925 17
7926 18
7927 20
7928 21
7929 19
7930 13
7931 17
7932 16
7933 15
7934 14
7935 18
7936 17
7937 18
7938 16
7939 18
7940 17
7941 15
7942 16
7943 12
7944 15
7945 14
7946 13
7947 15
7948 18
7949 17
7950 16
7951 17
7952 18
7953 14
7954 17
7955 18
7956 16
7957 20
7958 19
7959 18
7960 21
7961 22
7962 20
7963 21
7964 19
7965 20
7966 21
7967 17
7968 18
7969 15
7970 16
7971 19
7972 20
7973 18
7974 17
7975 19
7976 18
7977 11
7978 15
7979 16
7980 14
7981 13
7982 17
7983 16
7984 15
7985 17
7986 18
7987 19
7988 16
7989 17
7990 14
7991 16
7992 15
7993 17
7994 16
7995 18
7996 17
7997 12
7998 19
7999 18
8000 17
8001 18
8002 16
8003 19
8004 18
8005 17
8006 18
8007 19
8008 20
8009 15
8010 18
8011 20
8012 19
8013 17
8014 16
8015 14
8016 20
8017 21
8018 19
8019 18
8020 19
8021 20
8022 21
8023 17
8024 18
8025 16
8026 15
8027 16
8028 19
8029 18
8030 17
8031 18
8032 13
8033 17
8034 16
8035 20
8036 19
8037 18
8038 17
8039 15
8040 16
8041 14
8042 15
8043 16
8044 10
8045 16
8046 17
8047 15
8048 21
8049 20
8050 22
8051 21
8052 19
8053 20
8054 18
8055 17
8056 20
8057 21
8058 19
8059 20
8060 18
8061 20
8062 19
8063 16
8064 17
8065 20
8066 19
8067 20
8068 18
8069 14
8070 15
8071 16
8072 13
8073 16
8074 19
8075 20
8076 18
8077 17
8078 18
8079 15
8080 16
8081 14
8082 16
8083 17
8084 18
8085 15
8086 16
8087 18
8088 19
8089 17
8090 12
8091 14
8092 13
8093 11
8094 12
8095 13
8096 14
8097 19
8098 18
8099 17
8100 16
8101 15
8102 17
8103 16
8104 9
8105 12
8106 14
8107 13
8108 11
8109 17
8110 18
8111 16
8112 19
8113 18
8114 20
8115 21
8116 19
8117 20
8118 17
8119 15
8120 16
8121 18
8122 17
8123 18
8124 14
8125 17
8126 16
8127 15
8128 17
8129 16
8130 13
8131 18
8132 19
8133 17
8134 19
8135 18
8136 16
8137 17
8138 19
8139 18
8140 19
8141 20
8142 15
8143 16
8144 14
8145 15
8146 12
8147 14
8148 13
8149 18
8150 17
8151 18
8152 16
8153 17
8154 19
8155 18
8156 15
8157 14
8158 17
8159 16
8160 15
8161 10
8162 13
8163 12
8164 13
8165 11
8166 12
8167 7
8168 14
8169 16
8170 15
8171 13
8172 14
8173 12
8174 14
8175 13
8176 14
8177 16
8178 17
8179 15
8180 18
8181 17
8182 18
8183 16
8184 19
8185 18
8186 19
8187 21
8188 22
8189 20
8190 17
8191 19
8192 20
8193 21
8194 22
8195 18
8196 19
8197 20
8198 11
8199 13
8200 12
8201 10
8202 11
8203 9
8204 12
8205 14
8206 13
8207 14
8208 15
8209 17
8210 16
8211 17
8212 11
8213 15
8214 14
8215 13
8216 12
8217 10
8218 11
8219 15
8220 14
8221 18
8222 19
8223 17
8224 18
8225 19
8226 16
8227 17
8228 15
8229 17
8230 16
8231 18
8232 17
8233 18
8234 13
8235 14
8236 12
8237 15
8238 14
8239 15
8240 13
8241 14
8242 8
8243 12
8244 11
8245 14
8246 13
8247 12
8248 10
8249 14
8250 13
8251 12
8252 11
8253 13
8254 12
8255 15
8256 14
8257 13
8258 14
8259 9
8260 12
8261 13
8262 11
8263 13
8264 12
8265 16
8266 15
8267 14
8268 13
8269 15
8270 16
8271 14
8272 15
8273 10
8274 12
8275 11
8276 15
8277 14
8278 15
8279 17
8280 16
8281 17
8282 13
8283 15
8284 14
8285 15
8286 12
8287 16
8288 17
8289 15
8290 17
8291 16
8292 14
8293 15
8294 13
8295 19
8296 18
8297 20
8298 22
8299 21
8300 24
8301 23
8302 22
8303 19
8304 21
8305 22
8306 20
8307 21
8308 17
8309 18
8310 16
8311 17
8312 18
8313 22
8314 21
8315 20
8316 19
8317 15
8318 17
8319 18
8320 16
8321 17
8322 18
8323 14
8324 18
8325 17
8326 16
8327 15
8328 18
8329 17
8330 18
8331 16
8332 6
8333 13
8334 12
8335 14
8336 16
8337 15
8338 13
8339 16
8340 15
8341 14
8342 15
8343 11
8344 13
8345 12
8346 10
8347 11
8348 9
8349 12
8350 11
8351 13
8352 14
8353 12
8354 10
8355 11
8356 8
8357 15
8358 14
8359 13
8360 12
8361 14
8362 15
8363 13
8364 11
8365 12
8366 10
8367 13
8368 20
8369 19
8370 18
8371 17
8372 18
8373 19
8374 16
8375 15
8376 19
8377 18
8378 20
8379 19
8380 20
8381 17
8382 18
8383 20
8384 19
8385 16
8386 17
8387 14
8388 17
8389 16
8390 15
8391 16
8392 17
8393 12
8394 11
8395 14
8396 13
8397 12
8398 13
8399 14
8400 15
8401 9
8402 7
8403 13
8404 12
8405 14
8406 13
8407 15
8408 14
8409 11
8410 16
8411 17
8412 15
8413 16
8414 14
8415 15
8416 13
8417 12
8418 13
8419 15
8420 14
8421 16
8422 15
8423 10
8424 13
8425 12
8426 11
8427 16
8428 15
8429 17
8430 16
8431 18
8432 17
8433 14
8434 16
8435 15
8436 18
8437 19
8438 17
8439 16
8440 18
8441 17
8442 13
8443 15
8444 14
8445 15
8446 12
8447 17
8448 16
8449 15
8450 16
8451 17
8452 19
8453 18
8454 19
8455 14
8456 15
8457 19
8458 18
8459 17
8460 16
8461 13
8462 15
8463 16
8464 14
8465 9
8466 13
8467 12
8468 15
8469 14
8470 15
8471 13
8472 15
8473 16
8474 17
8475 14
8476 11
8477 12
8478 13
8479 10
8480 12
8481 14
8482 17
8483 16
8484 17
8485 15
8486 13
8487 11
8488 8
8489 13
8490 12
8491 11
8492 12
8493 10
8494 20
8495 21
8496 19
8497 18
8498 19
8499 17
8500 16
8501 17
8502 18
8503 15
8504 18
8505 17
8506 21
8507 20
8508 19
8509 18
8510 19
8511 16
8512 17
8513 19
8514 18
8515 19
8516 14
8517 18
8518 17
8519 16
8520 19
8521 18
8522 17
8523 19
8524 18
8525 15
8526 17
8527 16
8528 17
8529 13
8530 18
8531 17
8532 18
8533 16
8534 15
8535 17
8536 16
8537 19
8538 18
8539 22
8540 21
8541 20
8542 21
8543 19
8544 22
8545 21
8546 20
8547 21
8548 22
8549 17
8550 20
8551 19
8552 22
8553 21
8554 20
8555 22
8556 23
8557 21
8558 22
8559 18
8560 23
8561 22
8562 21
8563 22
8564 20
8565 22
8566 21
8567 22
8568 23
8569 24
8570 25
8571 19
8572 22
8573 23
8574 24
8575 21
8576 22
8577 20
8578 22
8579 21
8580 23
8581 22
8582 25
8583 24
8584 25
8585 23
8586 25
8587 24
8588 14
8589 16
8590 17
8591 19
8592 18
8593 15
8594 18
8595 17
8596 16
8597 12
8598 17
8599 16
8600 19
8601 18
8602 19
8603 21
8604 20
8605 17
8606 19
8607 18
8608 15
8609 19
8610 18
8611 17
8612 18
8613 16
8614 14
8615 20
8616 19
8617 18
8618 19
8619 17
8620 19
8621 20
8622 18
8623 21
8624 20
8625 19
8626 21
8627 20
8628 16
8629 15
8630 19
8631 18
8632 17
8633 20
8634 19
8635 21
8636 20
8637 21
8638 18
8639 20
8640 21
8641 19
8642 16
8643 17
8644 18
8645 13
8646 17
8647 16
8648 15
8649 17
8650 16
8651 14
8652 15
8653 11
8654 19
8655 18
8656 19
8657 17
8658 16
8659 18
8660 20
8661 19
8662 17
8663 20
8664 19
8665 18
8666 19
8667 15
8668 20
8669 19
8670 18
8671 20
8672 21
8673 24
8674 23
8675 24
8676 22
8677 24
8678 23
8679 19
8680 22
8681 23
8682 21
8683 22
8684 23
8685 20
8686 23
8687 22
8688 21
8689 17
8690 21
8691 20
8692 27
8693 26
8694 25
8695 24
8696 23
8697 26
8698 28
8699 29
8700 27
8701 25
8702 24
8703 26
8704 25
8705 22
8706 24
8707 25
8708 23
8709 25
8710 24
8711 27
8712 26
8713 25
8714 26
8715 21
8716 23
8717 22
8718 24
8719 25
8720 23
8721 26
8722 27
8723 25
8724 24
8725 26
8726 27
8727 25
8728 19
8729 23
8730 24
8731 22
8732 21
8733 22
8734 20
8735 22
8736 24
8737 23
8738 21
8739 23
8740 22
8741 23
8742 18
8743 22
8744 24
8745 25
8746 23
8747 21
8748 20
8749 21
8750 22
8751 19
8752 21
8753 23
8754 24
8755 22
8756 23
8757 20
8758 24
8759 25
8760 26
8761 23
8762 22
8763 23
8764 21
8765 16
8766 17
8767 21
8768 20
8769 23
8770 22
8771 21
8772 23
8773 22
8774 19
8775 22
8776 21
8777 20
8778 21
8779 22
8780 23
8781 18
8782 22
8783 21
8784 23
8785 22
8786 20
8787 21
8788 19
8789 21
8790 22
8791 20
8792 14
8793 15
8794 13
8795 22
8796 23
8797 25
8798 24
8799 21
8800 20
8801 19
8802 22
8803 21
8804 27
8805 28
8806 26
8807 27
8808 25
8809 26
8810 29
8811 30
8812 28
8813 30
8814 29
8815 27
8816 29
8817 28
8818 29
8819 24
8820 25
8821 23
8822 24
8823 22
8824 24
8825 25
8826 26
8827 23
8828 26
8829 28
8830 27
8831 25
8832 27
8833 26
8834 24
8835 26
8836 27
8837 25
8838 27
8839 26
8840 20
8841 22
8842 21
8843 23
8844 22
8845 23
8846 18
8847 21
8848 20
8849 19
8850 22
8851 21
8852 25
8853 26
8854 24
8855 26
8856 25
8857 26
8858 23
8859 24
8860 22
8861 23
8862 24
8863 20
8864 22
8865 21
8866 17
8867 21
8868 20
8869 19
8870 18
8871 19
8872 16
8873 18
8874 21
8875 22
8876 20
8877 19
8878 22
8879 21
8880 20
8881 21
8882 17
8883 24
8884 25
8885 23
8886 24
8887 25
8888 26
8889 22
8890 21
8891 23
8892 24
8893 25
8894 22
8895 23
8896 20
8897 22
8898 21
8899 22
8900 23
8901 19
8902 23
8903 24
8904 27
8905 26
8906 27
8907 28
8908 25
8909 22
8910 23
8911 21
8912 22
8913 23
8914 27
8915 26
8916 25
8917 24
8918 25
8919 20
8920 22
8921 26
8922 25
8923 24
8924 23
8925 24
8926 21
8927 18
8928 20
8929 19
8930 20
8931 21
8932 15
8933 19
8934 20
8935 18
8936 17
8937 20
8938 22
8939 21
8940 19
8941 21
8942 20
8943 18
8944 16
8945 19
8946 22
8947 21
8948 23
8949 22
8950 20
8951 21
8952 22
8953 18
8954 17
8955 19
8956 18
8957 14
8958 12
8959 14
8960 15
8961 13
8962 17
8963 16
8964 19
8965 18
8966 17
8967 15
8968 20
8969 21
8970 23
8971 22
8972 19
8973 20
8974 23
8975 22
8976 23
8977 21
8978 22
8979 18
8980 22
8981 21
8982 20
8983 19
8984 17
8985 20
8986 21
8987 22
8988 19
8989 22
8990 25
8991 29
8992 28
8993 27
8994 26
8995 24
8996 25
8997 23
8998 21
8999 22
9000 20
9001 23
9002 22
9003 21
9004 22
9005 23
9006 18
9007 19
9008 20
9009 21
9010 22
9011 16
9012 20
9013 19
9014 18
9015 20
9016 19
9017 20
9018 17
9019 20
9020 19
9021 20
9022 18
9023 14
9024 17
9025 19
9026 20
9027 22
9028 21
9029 22
9030 24
9031 23
9032 18
9033 19
9034 16
9035 19
9036 18
9037 17
9038 19
9039 21
9040 20
9041 21
9042 18
9043 21
9044 20
9045 22
9046 24
9047 23
9048 21
9049 19
9050 20
9051 15
9052 16
9053 9
9054 17
9055 18
9056 20
9057 19
9058 20
9059 16
9060 19
9061 18
9062 17
9063 18
9064 15
9065 14
9066 15
9067 13
9068 12
9069 15
9070 16
9071 14
9072 15
9073 13
9074 15
9075 16
9076 17
9077 14
9078 11
9079 13
9080 17
9081 16
9082 17
9083 15
9084 16
9085 14
9086 15
9087 12
9088 14
9089 13
9090 10
9091 13
9092 12
9093 13
9094 11
9095 16
9096 17
9097 15
9098 14
9099 13
9100 12
9101 13
9102 14
9103 5
9104 12
9105 11
9106 12
9107 10
9108 15
9109 14
9110 15
9111 13
9112 14
9113 15
9114 16
9115 12
9116 15
9117 14
9118 15
9119 13
9120 11
9121 14
9122 13
9123 12
9124 13
9125 15
9126 14
9127 17
9128 16
9129 15
9130 9
9131 13
9132 15
9133 14
9134 12
9135 14
9136 13
9137 11
9138 12
9139 14
9140 15
9141 13
9142 14
9143 10
9144 15
9145 14
9146 13
9147 15
9148 16
9149 14
9150 16
9151 15
9152 12
9153 17
9154 16
9155 17
9156 18
9157 15
9158 17
9159 16
9160 14
9161 15
9162 13
9163 15
9164 14
9165 11
9166 14
9167 13
9168 12
9169 20
9170 19
9171 18
9172 17
9173 18
9174 19
9175 16
9176 20
9177 21
9178 19
9179 20
9180 21
9181 18
9182 20
9183 19
9184 21
9185 22
9186 20
9187 17
9188 21
9189 20
9190 22
9191 21
9192 19
9193 21
9194 22
9195 20
9196 23
9197 22
9198 24
9199 25
9200 27
9201 26
9202 27
9203 23
9204 24
9205 21
9206 24
9207 23
9208 22
9209 18
9210 19
9211 20
9212 15
9213 18
9214 17
9215 20
9216 19
9217 18
9218 16
9219 19
9220 18
9221 19
9222 17
9223 14
9224 18
9225 17
9226 20
9227 19
9228 18
9229 16
9230 15
9231 13
9232 16
9233 20
9234 21
9235 19
9236 18
9237 17
9238 15
9239 17
9240 16
9241 14
9242 8
9243 9
9244 14
9245 15
9246 13
9247 14
9248 15
9249 12
9250 11
9251 15
9252 16
9253 14
9254 15
9255 13
9256 12
9257 10
9258 14
9259 15
9260 13
9261 12
9262 13
9263 11
9264 12
9265 7
9266 13
9267 12
9268 13
9269 11
9270 12
9271 13
9272 10
9273 11
9274 9
9275 12
9276 11
9277 12
9278 14
9279 13
9280 10
9281 12
9282 20
9283 19
9284 22
9285 23
9286 21
9287 20
9288 18
9289 17
9290 19
9291 20
9292 18
9293 16
9294 17
9295 19
9296 18
9297 15
9298 16
9299 14
9300 17
9301 16
9302 18
9303 19
9304 17
9305 19
9306 21
9307 20
9308 21
9309 18
9310 19
9311 20
9312 15
9313 17
9314 20
9315 19
9316 18
9317 22
9318 21
9319 20
9320 19
9321 20
9322 16
9323 18
9324 17
9325 13
9326 15
9327 17
9328 16
9329 19
9330 18
9331 17
9332 18
9333 14
9334 11
9335 17
9336 16
9337 18
9338 19
9339 17
9340 15
9341 18
9342 19
9343 17
9344 21
9345 22
9346 23
9347 20
9348 21
9349 22
9350 25
9351 24
9352 23
9353 19
9354 24
9355 25
9356 23
9357 22
9358 21
9359 23
9360 22
9361 20
9362 18
9363 19
9364 21
9365 20
9366 22
9367 21
9368 22
9369 23
9370 16
9371 19
9372 18
9373 19
9374 17
9375 14
9376 18
9377 17
9378 20
9379 21
9380 19
9381 18
9382 24
9383 23
9384 24
9385 25
9386 22
9387 21
9388 24
9389 25
9390 26
9391 23
9392 22
9393 23
9394 20
9395 22
9396 21
9397 22
9398 19
9399 22
9400 21
9401 24
9402 23
9403 22
9404 23
9405 20
9406 23
9407 22
9408 21
9409 16
9410 17
9411 15
9412 16
9413 17
9414 21
9415 20
9416 19
9417 18
9418 13
9419 15
9420 17
9421 16
9422 18
9423 17
9424 14
9425 12
9426 8
9427 12
9428 14
9429 13
9430 15
9431 14
9432 15
9433 11
9434 12
9435 10
9436 12
9437 11
9438 9
9439 13
9440 14
9441 12
9442 14
9443 13
9444 14
9445 11
9446 13
9447 12
9448 14
9449 15
9450 13
9451 16
9452 15
9453 16
9454 14
9455 10
9456 11
9457 12
9458 6
9459 10
9460 9
9461 10
9462 8
9463 14
9464 13
9465 14
9466 16
9467 17
9468 15
9469 17
9470 16
9471 12
9472 14
9473 15
9474 13
9475 11
9476 14
9477 13
9478 14
9479 15
9480 12
9481 10
9482 11
9483 12
9484 13
9485 9
9486 10
9487 7
9488 13
9489 14
9490 12
9491 14
9492 15
9493 13
9494 17
9495 16
9496 15
9497 14
9498 15
9499 11
9500 19
9501 18
9502 17
9503 16
9504 19
9505 18
9506 17
9507 20
9508 19
9509 21
9510 22
9511 20
9512 22
9513 23
9514 21
9515 18
9516 20
9517 19
9518 15
9519 17
9520 19
9521 18
9522 20
9523 19
9524 16
9525 18
9526 17
9527 18
9528 14
9529 17
9530 16
9531 15
9532 19
9533 18
9534 17
9535 18
9536 19
9537 16
9538 18
9539 17
9540 13
9541 18
9542 19
9543 17
9544 19
9545 18
9546 16
9547 15
9548 16
9549 14
9550 15
9551 16
9552 12
9553 14
9554 13
9555 14
9556 10
9557 15
9558 14
9559 13
9560 15
9561 16
9562 14
9563 12
9564 15
9565 14
9566 15
9567 16
9568 13
9569 14
9570 11
9571 14
9572 13
9573 15
9574 14
9575 16
9576 15
9577 16
9578 20
9579 19
9580 18
9581 21
9582 20
9583 21
9584 22
9585 19
9586 20
9587 17
9588 12
9589 14
9590 13
9591 9
9592 15
9593 14
9594 15
9595 13
9596 12
9597 13
9598 11
9599 10
9600 18
9601 17
9602 20
9603 19
9604 22
9605 21
9606 22
9607 23
9608 20
9609 22
9610 23
9611 24
9612 21
9613 18
9614 19
9615 16
9616 15
9617 18
9618 17
9619 19
9620 18
9621 16
9622 18
9623 17
9624 18
9625 19
9626 20
9627 14
9628 16
9629 15
9630 13
9631 20
9632 19
9633 18
9634 21
9635 20
9636 19
9637 17
9638 18
9639 16
9640 20
9641 19
9642 18
9643 19
9644 17
9645 18
9646 15
9647 16
9648 17
9649 14
9650 15
9651 17
9652 16
9653 12
9654 17
9655 18
9656 16
9657 15
9658 16
9659 14
9660 15
9661 17
9662 16
9663 18
9664 17
9665 13
9666 16
9667 15
9668 14
9669 11
9670 14
9671 15
9672 16
9673 13
9674 12
9675 14
9676 15
9677 13
9678 16
9679 15
9680 14
9681 8
9682 17
9683 16
9684 18
9685 19
9686 17
9687 15
9688 17
9689 18
9690 16
9691 17
9692 14
9693 17
9694 16
9695 18
9696 17
9697 15
9698 17
9699 16
9700 13
9701 18
9702 17
9703 18
9704 20
9705 21
9706 19
9707 16
9708 15
9709 20
9710 19
9711 18
9712 23
9713 22
9714 21
9715 20
9716 19
9717 20
9718 23
9719 22
9720 21
9721 17
9722 20
9723 21
9724 19
9725 20
9726 21
9727 18
9728 21
9729 20
9730 19
9731 20
9732 16
9733 18
9734 19
9735 17
9736 20
9737 19
9738 18
9739 19
9740 20
9741 14
9742 15
9743 12
9744 19
9745 18
9746 20
9747 19
9748 20
9749 17
9750 21
9751 20
9752 21
9753 19
9754 20
9755 21
9756 18
9757 19
9758 20
9759 21
9760 16
9761 17
9762 20
9763 19
9764 18
9765 20
9766 19
9767 15
9768 16
9769 14
9770 18
9771 19
9772 17
9773 16
9774 21
9775 20
9776 23
9777 22
9778 21
9779 19
9780 18
9781 17
9782 18
9783 19
9784 15
9785 18
9786 17
9787 16
9788 17
9789 18
9790 13
9791 18
9792 17
9793 16
9794 15
9795 17
9796 18
9797 19
9798 16
9799 14
9800 15
9801 16
9802 17
9803 11
9804 19
9805 20
9806 21
9807 22
9808 23
9809 18
9810 20
9811 19
9812 17
9813 19
9814 21
9815 20
9816 21
9817 22
9818 18
9819 16
9820 18
9821 17
9822 22
9823 21
9824 20
9825 21
9826 19
9827 21
9828 20
9829 18
9830 20
9831 19
9832 15
9833 17
9834 16
9835 17
9836 14
9837 16
9838 17
9839 15
9840 13
9841 16
9842 15
9843 18
9844 17
9845 18
9846 19
9847 20
9848 16
9849 14
9850 20
9851 19
9852 18
9853 17
9854 19
9855 18
9856 16
9857 21
9858 22
9859 20
9860 22
9861 21
9862 19
9863 20
9864 18
9865 20
9866 19
9867 20
9868 17
9869 15
9870 17
9871 25
9872 24
9873 23
9874 22
9875 21
9876 20
9877 21
9878 19
9879 18
9880 16
9881 17
9882 18
9883 12
9884 16
9885 18
9886 17
9887 15
9888 14
9889 19
9890 18
9891 17
9892 18
9893 19
9894 16
9895 17
9896 15
9897 16
9898 13
9899 16
9900 15
9901 14
9902 16
9903 20
9904 19
9905 18
9906 17
9907 15
9908 16
9909 17
9910 18
9911 10
9912 15
9913 20
9914 19
9915 18
9916 20
9917 21
9918 19
9919 20
9920 17
9921 16
9922 17
9923 14
9924 16
9925 15
9926 16
9927 13
9928 18
9929 19
9930 17
9931 18
9932 16
9933 18
9934 19
9935 17
9936 15
9937 17
9938 16
9939 14
9940 12
9941 15
9942 14
9943 15
9944 18
9945 17
9946 18
9947 16
9948 13
9949 15
9950 16
9951 14
9952 15
9953 16
9954 17
9955 11
9956 15
9957 14
9958 15
9959 16
9960 18
9961 17
9962 13
9963 17
9964 16
9965 15
9966 18
9967 17
9968 16
9969 14
9970 15
9971 12
9972 14
9973 15
9974 16
9975 19
9976 18
9977 19
9978 17
9979 13
9980 15
9981 14
9982 15
9983 16
9984 17
9985 9
9986 14
9987 13
9988 14
9989 12
9990 13
9991 14
9992 11
9993 13
9994 14
9995 12
9996 10
9997 13
9998 12
9999 11
10000 12