1000
1 5
2 6
3 4
4 3
5 15
6 14
7 16
8 15
9 13
10 15
11 14
12 16
13 15
14 17
15 16
16 17
17 12
18 11
19 15
20 16
21 20
22 19
23 18
24 19
25 17
26 18
27 14
28 16
29 17
30 15
31 19
32 18
33 17
34 18
35 19
36 16
37 18
38 17
39 13
40 15
41 16
42 14
43 17
44 18
45 19
46 16
47 17
48 15
49 17
50 18
51 20
52 19
53 16
54 18
55 17
56 18
57 19
58 20
59 12
60 15
61 16
62 14
63 15
64 16
65 13
66 15
67 14
68 15
69 10
70 14
71 16
72 15
73 13
74 12
75 16
76 15
77 14
78 15
79 16
80 13
81 14
82 15
83 17
84 16
85 11
86 15
87 14
88 16
89 15
90 16
91 13
92 15
93 14
94 12
95 14
96 13
97 9
98 11
99 12
100 10
101 11
102 12
103 8
104 13
105 12
106 11
107 10
108 12
109 11
110 9
111 11
112 12
113 10
114 11
115 12
116 7
117 13
118 12
119 11
120 10
121 12
122 11
123 12
124 9
125 12
126 15
127 14
128 13
129 11
130 12
131 13
132 10
133 12
134 11
135 13
136 12
137 8
138 10
139 11
140 12
141 9
142 13
143 15
144 17
145 16
146 18
147 17
148 18
149 14
150 12
151 13
152 11
153 12
154 14
155 13
156 18
157 19
158 17
159 21
160 20
161 21
162 19
163 21
164 20
165 18
166 16
167 19
168 18
169 19
170 17
171 19
172 18
173 19
174 15
175 16
176 17
177 14
178 16
179 15
180 10
181 14
182 13
183 14
184 12
185 14
186 13
187 11
188 13
189 12
190 14
191 16
192 15
193 16
194 13
195 6
196 11
197 10
198 9
199 8
200 11
201 10
202 9
203 10
204 11
205 7
206 17
207 18
208 16
209 20
210 19
211 20
212 18
213 19
214 17
215 19
216 18
217 15
218 18
219 17
220 18
221 16
222 20
223 19
224 18
225 17
226 18
227 19
228 14
229 17
230 16
231 17
232 15
233 13
234 17
235 16
236 15
237 16
238 14
239 16
240 15
241 17
242 16
243 12
244 15
245 14
246 13
247 15
248 16
249 14
250 15
251 16
252 11
253 12
254 13
255 10
256 14
257 13
258 12
259 13
260 11
261 16
262 15
263 14
264 15
265 13
266 16
267 15
268 14
269 12
270 13
271 9
272 12
273 11
274 12
275 13
276 10
277 14
278 13
279 12
280 13
281 14
282 15
283 11
284 12
285 13
286 14
287 15
288 8
289 11
290 10
291 9
292 11
293 13
294 14
295 12
296 14
297 13
298 10
299 5
300 7
301 8
302 6
303 4
304 11
305 10
306 12
307 13
308 11
309 9
310 11
311 10
312 8
313 12
314 14
315 16
316 17
317 15
318 13
319 11
320 10
321 12
322 11
323 12
324 9
325 12
326 11
327 12
328 10
329 11
330 7
331 9
332 8
333 12
334 14
335 15
336 13
337 11
338 10
339 11
340 9
341 13
342 12
343 14
344 13
345 11
346 10
347 13
348 12
349 11
350 6
351 5
352 14
353 13
354 12
355 14
356 13
357 11
358 12
359 10
360 12
361 11
362 12
363 9
364 12
365 17
366 16
367 17
368 15
369 17
370 16
371 14
372 15
373 13
374 11
375 12
376 14
377 13
378 14
379 15
380 10
381 12
382 11
383 8
384 10
385 9
386 10
387 7
388 11
389 13
390 14
391 12
392 10
393 9
394 13
395 14
396 12
397 11
398 13
399 14
400 12
401 10
402 13
403 12
404 11
405 12
406 14
407 16
408 15
409 13
410 8
411 11
412 13
413 12
414 10
415 11
416 9
417 10
418 6
419 10
420 9
421 10
422 12
423 13
424 11
425 8
426 9
427 7
428 10
429 9
430 11
431 10
432 12
433 11
434 8
435 9
436 2
437 13
438 12
439 13
440 11
441 12
442 10
443 9
444 10
445 12
446 13
447 11
448 12
449 8
450 11
451 10
452 12
453 13
454 11
455 9
456 12
457 11
458 10
459 7
460 12
461 14
462 15
463 13
464 14
465 15
466 11
467 13
468 14
469 12
470 13
471 10
472 12
473 13
474 11
475 12
476 9
477 14
478 15
479 17
480 16
481 17
482 18
483 13
484 16
485 15
486 16
487 14
488 16
489 15
490 12
491 13
492 14
493 11
494 13
495 14
496 15
497 12
498 14
499 13
500 14
501 10
502 15
503 14
504 13
505 14
506 15
507 12
508 13
509 11
510 13
511 15
512 14
513 12
514 17
515 16
516 18
517 17
518 15
519 17
520 16
521 14
522 18
523 17
524 16
525 15
526 16
527 18
528 17
529 13
530 14
531 17
532 16
533 15
534 8
535 11
536 12
537 10
538 12
539 13
540 14
541 11
542 12
543 9
544 6
545 11
546 12
547 13
548 10
549 9
550 11
551 10
552 8
553 9
554 10
555 7
556 10
557 13
558 14
559 12
560 11
561 13
562 14
563 12
564 14
565 13
566 14
567 9
568 12
569 13
570 11
571 13
572 12
573 14
574 13
575 10
576 12
577 11
578 15
579 14
580 13
581 12
582 8
583 10
584 11
585 9
586 12
587 11
588 12
589 13
590 10
591 5
592 8
593 7
594 8
595 9
596 6
597 11
598 12
599 10
600 11
601 12
602 13
603 9
604 10
605 8
606 10
607 11
608 12
609 9
610 12
611 13
612 11
613 10
614 13
615 12
616 13
617 11
618 12
619 13
620 7
621 9
622 10
623 12
624 11
625 8
626 10
627 14
628 13
629 12
630 11
631 14
632 15
633 13
634 12
635 9
636 11
637 13
638 12
639 10
640 4
641 10
642 12
643 11
644 9
645 10
646 8
647 10
648 9
649 7
650 12
651 15
652 16
653 14
654 15
655 17
656 18
657 16
658 13
659 15
660 14
661 11
662 14
663 13
664 15
665 17
666 18
667 16
668 18
669 17
670 14
671 12
672 13
673 10
674 11
675 9
676 11
677 12
678 10
679 12
680 14
681 13
682 14
683 11
684 14
685 15
686 17
687 16
688 13
689 16
690 15
691 14
692 12
693 15
694 14
695 15
696 16
697 17
698 13
699 14
700 8
701 10
702 9
703 12
704 13
705 14
706 11
707 14
708 15
709 13
710 14
711 16
712 15
713 12
714 15
715 14
716 16
717 17
718 15
719 18
720 17
721 16
722 17
723 18
724 13
725 16
726 15
727 14
728 15
729 10
730 11
731 6
732 9
733 8
734 7
735 10
736 9
737 8
738 9
739 5
740 7
741 10
742 9
743 11
744 10
745 11
746 12
747 8
748 6
749 3
750 9
751 8
752 10
753 9
754 7
755 9
756 8
757 13
758 14
759 12
760 11
761 12
762 10
763 11
764 9
765 6
766 9
767 14
768 15
769 13
770 12
771 13
772 11
773 12
774 10
775 8
776 10
777 9
778 7
779 11
780 10
781 9
782 8
783 10
784 11
785 9
786 13
787 12
788 11
789 10
790 11
791 5
792 4
793 6
794 10
795 11
796 9
797 13
798 12
799 14
800 15
801 13
802 11
803 12
804 10
805 12
806 11
807 8
808 11
809 10
810 9
811 10
812 11
813 7
814 9
815 8
816 9
817 5
818 7
819 8
820 6
821 10
822 9
823 8
824 7
825 8
826 1
827 10
828 9
829 10
830 12
831 13
832 11
833 12
834 8
835 9
836 7
837 6
838 10
839 9
840 10
841 8
842 9
843 10
844 7
845 5
846 8
847 7
848 10
849 9
850 8
851 6
852 9
853 8
854 9
855 11
856 12
857 10
858 7
859 8
860 9
861 4
862 5
863 7
864 8
865 6
866 9
867 8
868 10
869 9
870 7
871 8
872 3
873 5
874 4
875 2
876 7
877 10
878 9
879 8
880 9
881 6
882 7
883 9
884 8
885 5
886 8
887 9
888 10
889 7
890 8
891 6
892 4
893 6
894 7
895 5
896 6
897 7
898 3
899 9
900 8
901 9
902 7
903 10
904 9
905 8
906 6
907 10
908 11
909 9
910 8
911 7
912 9
913 10
914 8
915 5
916 6
917 9
918 10
919 8
920 12
921 11
922 10
923 11
924 13
925 12
926 9
927 11
928 12
929 10
930 7
931 8
932 4
933 10
934 9
935 10
936 8
937 7
938 11
939 12
940 13
941 10
942 9
943 10
944 8
945 6
946 7
947 5
948 8
949 9
950 7
951 11
952 10
953 9
954 8
955 9
956 10
957 6
958 9
959 10
960 13
961 12
962 11
963 8
964 12
965 13
966 11
967 12
968 14
969 13
970 10
971 9
972 11
973 10
974 7
975 11
976 12
977 13
978 10
979 11
980 9
981 10
982 13
983 14
984 12
985 13
986 11
987 12
988 8
989 10
990 11
991 12
992 13
993 9
994 12
995 13
996 11
997 10
998 13
999 12
1000 11