100
1 3
2 4
3 2
4 7
5 6
6 5
7 7
8 6
9 4
10 3
11 4
12 9
13 8
14 7
15 10
16 9
17 8
18 6
19 7
20 5
21 8
22 7
23 8
24 10
25 9
26 6
27 7
28 1
29 6
30 5
31 8
32 7
33 9
34 8
35 13
36 14
37 12
38 11
39 10
40 11
41 9
42 10
43 6
44 12
45 11
46 10
47 11
48 9
49 11
50 10
51 11
52 12
53 13
54 8
55 10
56 11
57 9
58 7
59 9
60 11
61 10
62 13
63 12
64 11
65 8
66 11
67 10
68 9
69 12
70 11
71 12
72 10
73 12
74 11
75 4
76 5
77 3
78 6
79 5
80 8
81 7
82 6
83 4
84 6
85 5
86 8
87 10
88 9
89 7
90 8
91 6
92 2
93 5
94 7
95 6
96 4
97 3
98 5
99 6
100 4