-1 2
-1 -1
1 10
-1 -1
4 -1
5 8
-1 -1
7 -1
6 -1
9 11
-1 20
-1 -1
12 -1
13 17
-1 -1
15 -1
16 -1
14 19
-1 -1
18 26
-1 -1
21 23
-1 25
-1 -1
24 -1
22 27
-1 -1
3 92
-1 -1
29 43
-1 -1
31 34
-1 -1
33 41
-1 36
-1 -1
35 -1
37 -1
38 40
-1 -1
39 42
-1 -1
32 58
-1 -1
44 -1
45 47
-1 -1
46 50
-1 -1
49 51
-1 52
-1 53
-1 -1
48 57
-1 56
-1 -1
55 -1
54 65
-1 61
-1 -1
60 64
-1 -1
62 -1
63 -1
59 68
-1 -1
66 -1
67 72
-1 -1
69 71
-1 -1
70 74
-1 -1
73 -1
30 76
-1 -1
75 83
-1 -1
78 82
-1 -1
80 -1
81 -1
79 85
-1 -1
84 91
-1 88
-1 -1
87 -1
86 90
-1 -1
89 -1
77 97
-1 95
-1 -1
94 -1
93 -1
96 100
-1 99
-1 -1
98 -1