-1 -1
1 5
-1 -1
3 -1
4 12
-1 -1
6 -1
7 9
-1 -1
8 11
-1 -1
10 -1
2 17
-1 15
-1 16
-1 -1
14 20
-1 19
-1 -1
18 22
-1 -1
21 23
-1 -1
13 25
-1 27
-1 -1
26 35
-1 29
-1 -1
28 34
-1 32
-1 33
-1 -1
31 -1
30 36
-1 37
-1 38
-1 -1
24 53
-1 -1
40 42
-1 45
-1 44
-1 -1
43 46
-1 47
-1 -1
41 49
-1 50
-1 52
-1 -1
51 -1
48 85
-1 56
-1 -1
55 61
-1 60
-1 -1
58 -1
59 -1
57 64
-1 -1
62 -1
63 67
-1 66
-1 -1
65 68
-1 69
-1 -1
54 71
-1 74
-1 -1
72 -1
73 75
-1 -1
70 78
-1 -1
77 82
-1 -1
79 81
-1 -1
80 84
-1 -1
83 -1
76 86
-1 92
-1 90
-1 89
-1 -1
88 91
-1 -1
87 97
-1 -1
93 -1
94 -1
95 -1
96 98
-1 99
-1 100
-1 -1