-1 2
-1 -1
1 7
-1 6
-1 -1
5 -1
4 8
-1 -1
3 10
-1 11
-1 -1
9 55
-1 15
-1 -1
14 -1
13 25
-1 -1
17 -1
18 23
-1 21
-1 22
-1 -1
20 24
-1 -1
19 -1
16 40
-1 -1
27 30
-1 -1
29 32
-1 -1
31 -1
28 36
-1 -1
34 -1
35 38
-1 -1
37 39
-1 -1
33 50
-1 -1
41 -1
42 -1
43 45
-1 47
-1 -1
46 49
-1 -1
48 -1
44 53
-1 52
-1 -1
51 54
-1 -1
26 61
-1 -1
56 58
-1 -1
57 60
-1 -1
59 82
-1 -1
62 64
-1 -1
63 -1
65 67
-1 69
-1 -1
68 70
-1 -1
66 74
-1 -1
72 -1
73 75
-1 78
-1 -1
76 -1
77 79
-1 81
-1 -1
80 -1
71 89
-1 85
-1 -1
84 86
-1 87
-1 -1
83 -1
88 -1
12 307
-1 -1
91 -1
92 106
-1 95
-1 -1
94 97
-1 98
-1 105
-1 102
-1 101
-1 -1
100 -1
99 104
-1 -1
103 -1
96 120
-1 -1
107 110
-1 -1
109 -1
108 117
-1 113
-1 -1
112 -1
114 116
-1 -1
115 119
-1 -1
118 -1
111 -1
93 223
-1 -1
122 138
-1 -1
124 129
-1 -1
126 -1
127 -1
128 134
-1 133
-1 132
-1 -1
131 -1
130 136
-1 -1
135 -1
125 -1
137 141
-1 140
-1 -1
139 150
-1 143
-1 -1
142 145
-1 146
-1 -1
144 149
-1 -1
148 -1
147 151
-1 152
-1 153
-1 -1
123 163
-1 157
-1 -1
156 158
-1 -1
155 -1
159 161
-1 162
-1 -1
160 169
-1 165
-1 -1
164 167
-1 -1
166 -1
168 176
-1 -1
170 174
-1 -1
172 -1
173 175
-1 -1
171 194
-1 -1
177 -1
178 -1
179 182
-1 -1
181 183
-1 185
-1 -1
184 -1
180 187
-1 189
-1 -1
188 -1
186 193
-1 192
-1 -1
191 -1
190 198
-1 196
-1 197
-1 -1
195 204
-1 201
-1 -1
200 203
-1 -1
202 -1
199 215
-1 -1
205 207
-1 210
-1 209
-1 -1
208 211
-1 213
-1 -1
212 -1
206 -1
214 220
-1 218
-1 -1
217 219
-1 -1
216 221
-1 222
-1 -1
154 227
-1 226
-1 -1
225 -1
224 232
-1 230
-1 -1
229 231
-1 -1
228 -1
121 299
-1 235
-1 -1
234 239
-1 -1
237 -1
238 241
-1 -1
240 242
-1 -1
236 247
-1 245
-1 -1
244 -1
246 248
-1 -1
243 252
-1 -1
250 -1
251 270
-1 254
-1 -1
253 -1
255 -1
256 265
-1 -1
258 262
-1 261
-1 -1
260 264
-1 -1
263 -1
259 268
-1 -1
266 -1
267 269
-1 -1
257 271
-1 272
-1 -1
249 277
-1 -1
274 276
-1 -1
275 -1
273 281
-1 -1
279 -1
280 286
-1 283
-1 284
-1 -1
282 -1
285 295
-1 294
-1 -1
288 290
-1 -1
289 -1
291 293
-1 -1
292 -1
287 296
-1 297
-1 298
-1 -1
278 306
-1 -1
300 305
-1 -1
302 304
-1 -1
303 -1
301 -1
233 1404
-1 312
-1 -1
309 311
-1 -1
310 316
-1 -1
313 315
-1 -1
314 317
-1 -1
308 623
-1 325
-1 -1
320 323
-1 -1
322 324
-1 -1
321 326
-1 327
-1 -1
319 331
-1 -1
329 -1
330 333
-1 -1
332 335
-1 -1
334 337
-1 -1
336 -1
328 347
-1 341
-1 -1
340 -1
339 345
-1 344
-1 -1
343 346
-1 -1
342 440
-1 350
-1 -1
349 -1
348 354
-1 -1
352 -1
353 -1
351 371
-1 -1
356 358
-1 366
-1 360
-1 -1
359 365
-1 -1
362 -1
363 -1
364 -1
361 -1
357 369
-1 -1
368 370
-1 -1
367 373
-1 -1
372 -1
355 386
-1 377
-1 -1
376 -1
375 385
-1 380
-1 -1
379 382
-1 383
-1 384
-1 -1
381 -1
378 388
-1 -1
387 389
-1 -1
374 406
-1 393
-1 -1
392 -1
391 400
-1 -1
395 398
-1 -1
397 399
-1 -1
396 -1
394 402
-1 -1
401 405
-1 -1
404 -1
403 416
-1 -1
407 -1
408 -1
409 413
-1 412
-1 -1
411 415
-1 -1
414 -1
410 428
-1 -1
417 -1
418 -1
419 422
-1 -1
421 426
-1 425
-1 -1
424 -1
423 427
-1 -1
420 432
-1 431
-1 -1
430 -1
429 435
-1 434
-1 -1
433 439
-1 -1
436 -1
437 -1
438 -1
390 442
-1 -1
441 -1
338 453
-1 449
-1 448
-1 447
-1 -1
446 -1
445 452
-1 451
-1 -1
450 -1
444 512
-1 455
-1 456
-1 -1
454 479
-1 466
-1 -1
459 462
-1 -1
461 -1
460 464
-1 465
-1 -1
463 468
-1 -1
467 471
-1 470
-1 -1
469 472
-1 -1
458 476
-1 -1
474 -1
475 477
-1 478
-1 -1
473 -1
457 481
-1 484
-1 -1
482 -1
483 487
-1 486
-1 -1
485 -1
480 489
-1 -1
488 507
-1 -1
491 494
-1 -1
493 495
-1 496
-1 -1
492 498
-1 499
-1 -1
497 503
-1 502
-1 -1
501 504
-1 505
-1 506
-1 -1
500 510
-1 509
-1 -1
508 511
-1 -1
490 539
-1 -1
513 -1
514 518
-1 -1
516 -1
517 519
-1 520
-1 -1
515 -1
521 534
-1 -1
523 530
-1 -1
525 527
-1 528
-1 -1
526 -1
529 532
-1 -1
531 533
-1 -1
524 536
-1 -1
535 537
-1 538
-1 -1
522 560
-1 -1
540 542
-1 -1
541 -1
543 553
-1 548
-1 547
-1 -1
546 549
-1 551
-1 -1
550 552
-1 -1
545 557
-1 -1
554 556
-1 -1
555 558
-1 559
-1 -1
544 583
-1 -1
561 574
-1 565
-1 -1
564 -1
563 568
-1 -1
567 -1
566 572
-1 -1
570 -1
571 573
-1 -1
569 579
-1 576
-1 577
-1 -1
575 -1
578 582
-1 -1
580 -1
581 -1
562 600
-1 586
-1 -1
585 587
-1 589
-1 -1
588 590
-1 -1
584 593
-1 -1
592 -1
591 595
-1 596
-1 -1
594 598
-1 599
-1 -1
597 612
-1 611
-1 603
-1 -1
602 608
-1 607
-1 -1
606 -1
605 609
-1 610
-1 -1
604 -1
601 615
-1 614
-1 -1
613 616
-1 622
-1 621
-1 619
-1 -1
618 -1
620 -1
617 -1
443 999
-1 627
-1 626
-1 -1
625 -1
624 -1
628 815
-1 -1
630 -1
631 634
-1 -1
633 635
-1 -1
632 647
-1 641
-1 -1
638 -1
639 -1
640 -1
637 646
-1 -1
643 645
-1 -1
644 -1
642 651
-1 -1
648 650
-1 -1
649 652
-1 -1
636 668
-1 -1
654 -1
655 658
-1 -1
657 659
-1 -1
656 -1
660 663
-1 -1
662 666
-1 -1
664 -1
665 667
-1 -1
661 713
-1 672
-1 671
-1 -1
670 -1
669 -1
673 675
-1 676
-1 -1
674 707
-1 -1
678 -1
679 691
-1 684
-1 -1
682 -1
683 -1
681 -1
685 688
-1 -1
687 690
-1 -1
689 -1
686 701
-1 695
-1 694
-1 -1
693 696
-1 -1
692 700
-1 699
-1 -1
698 -1
697 705
-1 704
-1 -1
703 -1
702 706
-1 -1
680 710
-1 709
-1 -1
708 711
-1 -1
677 -1
712 725
-1 715
-1 716
-1 717
-1 718
-1 721
-1 -1
719 -1
720 722
-1 -1
714 724
-1 -1
723 737
-1 727
-1 -1
726 731
-1 -1
729 -1
730 -1
728 -1
732 736
-1 735
-1 -1
734 -1
733 742
-1 739
-1 741
-1 -1
740 -1
738 746
-1 744
-1 -1
743 -1
745 747
-1 749
-1 -1
748 -1
653 757
-1 753
-1 -1
752 -1
751 -1
754 756
-1 -1
755 799
-1 760
-1 -1
759 761
-1 -1
758 764
-1 -1
763 765
-1 -1
762 773
-1 769
-1 -1
768 -1
767 772
-1 -1
771 -1
770 782
-1 775
-1 777
-1 -1
776 -1
774 -1
778 780
-1 -1
779 -1
781 -1
766 788
-1 -1
784 787
-1 -1
786 -1
785 790
-1 -1
789 -1
783 798
-1 -1
792 -1
793 -1
794 797
-1 -1
796 -1
795 -1
791 803
-1 801
-1 -1
800 -1
802 805
-1 -1
804 814
-1 -1
806 813
-1 810
-1 -1
809 -1
808 -1
811 -1
812 -1
807 -1
750 820
-1 817
-1 819
-1 -1
818 -1
816 822
-1 -1
821 -1
629 842
-1 -1
824 828
-1 -1
826 -1
827 831
-1 830
-1 -1
829 832
-1 -1
825 837
-1 -1
834 836
-1 -1
835 838
-1 839
-1 -1
833 841
-1 -1
840 851
-1 844
-1 -1
843 849
-1 -1
846 848
-1 -1
847 850
-1 -1
845 865
-1 -1
852 856
-1 855
-1 -1
854 -1
853 858
-1 861
-1 860
-1 -1
859 862
-1 863
-1 864
-1 -1
857 871
-1 -1
866 868
-1 869
-1 -1
867 -1
870 -1
823 880
-1 875
-1 -1
874 -1
873 877
-1 878
-1 -1
876 -1
879 896
-1 882
-1 -1
881 885
-1 -1
884 887
-1 -1
886 889
-1 -1
888 890
-1 -1
883 892
-1 893
-1 894
-1 895
-1 -1
891 966
-1 900
-1 -1
898 -1
899 -1
897 903
-1 -1
902 -1
901 912
-1 -1
905 907
-1 909
-1 -1
908 910
-1 911
-1 -1
906 917
-1 -1
913 916
-1 -1
915 -1
914 922
-1 919
-1 -1
918 921
-1 -1
920 923
-1 925
-1 -1
924 930
-1 928
-1 -1
927 929
-1 -1
926 931
-1 -1
904 949
-1 934
-1 935
-1 -1
933 -1
936 -1
937 945
-1 943
-1 942
-1 -1
941 -1
940 -1
939 -1
944 -1
938 948
-1 -1
947 -1
946 951
-1 -1
950 959
-1 953
-1 954
-1 -1
952 957
-1 -1
956 958
-1 -1
955 962
-1 -1
960 -1
961 965
-1 964
-1 -1
963 -1
932 971
-1 968
-1 969
-1 970
-1 -1
967 986
-1 -1
972 981
-1 -1
974 976
-1 977
-1 978
-1 980
-1 -1
979 -1
975 983
-1 -1
982 985
-1 -1
984 -1
973 990
-1 988
-1 989
-1 -1
987 995
-1 -1
991 993
-1 994
-1 -1
992 996
-1 997
-1 998
-1 -1
872 1085
-1 1001
-1 -1
1000 -1
1002 1004
-1 -1
1003 1009
-1 -1
1006 1008
-1 -1
1007 -1
1005 1015
-1 1012
-1 -1
1011 1014
-1 -1
1013 1022
-1 1018
-1 -1
1017 -1
1016 1021
-1 -1
1020 -1
1019 1025
-1 1024
-1 -1
1023 -1
1010 1027
-1 1028
-1 1029
-1 1030
-1 -1
1026 1056
-1 -1
1032 1036
-1 -1
1034 -1
1035 -1
1033 1038
-1 1039
-1 -1
1037 1047
-1 -1
1041 -1
1042 1045
-1 -1
1044 1046
-1 -1
1043 1049
-1 -1
1048 -1
1040 1055
-1 1052
-1 1053
-1 1054
-1 -1
1051 -1
1050 1083
-1 -1
1057 1066
-1 -1
1059 -1
1060 1065
-1 1063
-1 -1
1062 -1
1064 -1
1061 1068
-1 -1
1067 1070
-1 -1
1069 1071
-1 1073
-1 -1
1072 -1
1058 1076
-1 -1
1075 1078
-1 -1
1077 1079
-1 -1
1074 1081
-1 1082
-1 -1
1080 1084
-1 -1
1031 1131
-1 -1
1086 1089
-1 -1
1088 1091
-1 -1
1090 -1
1087 1125
-1 -1
1093 1096
-1 -1
1095 1097
-1 -1
1094 1103
-1 1100
-1 -1
1099 -1
1101 -1
1102 -1
1098 1120
-1 -1
1105 1107
-1 1112
-1 1110
-1 -1
1109 -1
1108 -1
1111 -1
1106 1116
-1 -1
1114 -1
1115 1117
-1 1118
-1 -1
1113 -1
1119 1122
-1 -1
1121 1123
-1 1124
-1 -1
1104 1128
-1 -1
1126 -1
1127 1129
-1 1130
-1 -1
1092 1133
-1 -1
1132 1135
-1 -1
1134 1136
-1 -1
318 1159
-1 -1
1138 1140
-1 1141
-1 -1
1139 1149
-1 1144
-1 -1
1143 1147
-1 -1
1146 1148
-1 -1
1145 1156
-1 1152
-1 -1
1151 1155
-1 -1
1153 -1
1154 -1
1150 1157
-1 1158
-1 -1
1142 1178
-1 -1
1160 1162
-1 -1
1161 1165
-1 -1
1164 -1
1163 1167
-1 -1
1166 1170
-1 -1
1169 1173
-1 1172
-1 -1
1171 1174
-1 -1
1168 1176
-1 1177
-1 -1
1175 1188
-1 -1
1179 1185
-1 -1
1181 1183
-1 1184
-1 -1
1182 -1
1180 1187
-1 -1
1186 1191
-1 -1
1189 -1
1190 1233
-1 1193
-1 -1
1192 1199
-1 1198
-1 1197
-1 -1
1196 -1
1195 1200
-1 1210
-1 -1
1201 1204
-1 -1
1203 1206
-1 -1
1205 1207
-1 -1
1202 1209
-1 -1
1208 1228
-1 -1
1211 1215
-1 1214
-1 -1
1213 1223
-1 1217
-1 -1
1216 -1
1218 1220
-1 1221
-1 -1
1219 -1
1222 -1
1212 1225
-1 1226
-1 1227
-1 -1
1224 1232
-1 -1
1229 1231
-1 -1
1230 -1
1194 1269
-1 1235
-1 -1
1234 1238
-1 -1
1237 1239
-1 1240
-1 -1
1236 1242
-1 -1
1241 1249
-1 -1
1244 1248
-1 1247
-1 -1
1246 -1
1245 1257
-1 1251
-1 -1
1250 1254
-1 -1
1253 1255
-1 1256
-1 -1
1252 1258
-1 1259
-1 -1
1243 1261
-1 1267
-1 1263
-1 1265
-1 -1
1264 -1
1262 -1
1266 1268
-1 -1
1260 1272
-1 1271
-1 -1
1270 1275
-1 -1
1273 -1
1274 -1
1137 1366
-1 1278
-1 1279
-1 1280
-1 -1
1277 1282
-1 1283
-1 1285
-1 -1
1284 -1
1281 1345
-1 1301
-1 -1
1288 1291
-1 -1
1290 -1
1289 1297
-1 1295
-1 -1
1294 -1
1293 -1
1296 1298
-1 -1
1292 1300
-1 -1
1299 1302
-1 1303
-1 1306
-1 1305
-1 -1
1304 -1
1287 1316
-1 -1
1308 -1
1309 1313
-1 -1
1311 -1
1312 1315
-1 -1
1314 -1
1310 1317
-1 1322
-1 1321
-1 1320
-1 -1
1319 -1
1318 -1
1307 1331
-1 1325
-1 -1
1324 1327
-1 1328
-1 1329
-1 -1
1326 -1
1330 1338
-1 -1
1332 -1
1333 -1
1334 1337
-1 -1
1336 -1
1335 1340
-1 -1
1339 1341
-1 -1
1323 1343
-1 1344
-1 -1
1342 1349
-1 1347
-1 -1
1346 -1
1348 1355
-1 -1
1350 1353
-1 -1
1352 1354
-1 -1
1351 1356
-1 1358
-1 -1
1357 1360
-1 -1
1359 1362
-1 -1
1361 1363
-1 1365
-1 -1
1364 -1
1286 1393
-1 1368
-1 -1
1367 1370
-1 -1
1369 1372
-1 -1
1371 -1
1373 -1
1374 1377
-1 -1
1376 1378
-1 -1
1375 1385
-1 -1
1380 1382
-1 -1
1381 -1
1383 -1
1384 1390
-1 -1
1386 1388
-1 1389
-1 -1
1387 1391
-1 1392
-1 -1
1379 1403
-1 -1
1394 -1
1395 1398
-1 -1
1397 1400
-1 -1
1399 1402
-1 -1
1401 -1
1396 -1
1276 1658
-1 -1
1405 -1
1406 1408
-1 -1
1407 1410
-1 -1
1409 1453
-1 -1
1412 1414
-1 -1
1413 -1
1415 1418
-1 -1
1417 1420
-1 -1
1419 1423
-1 -1
1421 -1
1422 -1
1416 1437
-1 1427
-1 -1
1426 1428
-1 -1
1425 1430
-1 -1
1429 1433
-1 -1
1432 1435
-1 -1
1434 1436
-1 -1
1431 1451
-1 1440
-1 -1
1439 1443
-1 -1
1441 -1
1442 1446
-1 1445
-1 -1
1444 -1
1438 1450
-1 1449
-1 -1
1448 -1
1447 1452
-1 -1
1424 -1
1411 1588
-1 1457
-1 -1
1456 -1
1455 -1
1458 1478
-1 1461
-1 -1
1460 1463
-1 1464
-1 1465
-1 -1
1462 -1
1466 1471
-1 1469
-1 1470
-1 -1
1468 1472
-1 1474
-1 -1
1473 1476
-1 -1
1475 1477
-1 -1
1467 1485
-1 -1
1479 1481
-1 -1
1480 -1
1482 1484
-1 -1
1483 1492
-1 -1
1486 1488
-1 -1
1487 1490
-1 1491
-1 -1
1489 -1
1459 1495
-1 -1
1494 1499
-1 -1
1496 1498
-1 -1
1497 1500
-1 -1
1493 1555
-1 1503
-1 -1
1502 -1
1504 -1
1505 1509
-1 1508
-1 -1
1507 -1
1506 1511
-1 1512
-1 -1
1510 1518
-1 1516
-1 -1
1515 -1
1514 -1
1517 -1
1513 1520
-1 1522
-1 -1
1521 -1
1519 1525
-1 -1
1524 -1
1523 1542
-1 -1
1527 1529
-1 -1
1528 1534
-1 -1
1531 -1
1532 -1
1533 1536
-1 -1
1535 1537
-1 -1
1530 1540
-1 -1
1539 1541
-1 -1
1538 1543
-1 1544
-1 1553
-1 -1
1545 -1
1546 1548
-1 1549
-1 1550
-1 1551
-1 1552
-1 -1
1547 1554
-1 -1
1526 1567
-1 1557
-1 -1
1556 1560
-1 -1
1559 1564
-1 1562
-1 -1
1561 -1
1563 1566
-1 -1
1565 -1
1558 1568
-1 1569
-1 -1
1501 1579
-1 1574
-1 1573
-1 -1
1572 1575
-1 -1
1571 -1
1576 1578
-1 -1
1577 1582
-1 -1
1580 -1
1581 1585
-1 -1
1583 -1
1584 1586
-1 1587
-1 -1
1570 1605
-1 -1
1589 -1
1590 1592
-1 -1
1591 1600
-1 1595
-1 1596
-1 -1
1594 1599
-1 -1
1598 -1
1597 1601
-1 1603
-1 -1
1602 1604
-1 -1
1593 1625
-1 1607
-1 1608
-1 -1
1606 1610
-1 -1
1609 1612
-1 1613
-1 1614
-1 -1
1611 1618
-1 1617
-1 -1
1616 1622
-1 1621
-1 -1
1620 -1
1619 1623
-1 1624
-1 -1
1615 1628
-1 1627
-1 -1
1626 1652
-1 -1
1629 1642
-1 1632
-1 -1
1631 1637
-1 1636
-1 -1
1635 -1
1634 -1
1633 1639
-1 1641
-1 -1
1640 -1
1638 -1
1630 1646
-1 -1
1644 -1
1645 1651
-1 1648
-1 -1
1647 -1
1649 -1
1650 -1
1643 1657
-1 1655
-1 -1
1654 1656
-1 -1
1653 -1
1454 1808
-1 -1
1659 1664
-1 1662
-1 -1
1661 -1
1663 1667
-1 -1
1665 -1
1666 -1
1660 1688
-1 1675
-1 -1
1670 1672
-1 1674
-1 -1
1673 -1
1671 1678
-1 1677
-1 -1
1676 1679
-1 1684
-1 1682
-1 -1
1681 1683
-1 -1
1680 1686
-1 -1
1685 1687
-1 -1
1669 1715
-1 -1
1689 1694
-1 1692
-1 1693
-1 -1
1691 1697
-1 -1
1695 -1
1696 -1
1690 1699
-1 1702
-1 1701
-1 -1
1700 -1
1698 1714
-1 1705
-1 1706
-1 -1
1704 1708
-1 1709
-1 -1
1707 1713
-1 -1
1711 -1
1712 -1
1710 -1
1703 1720
-1 1717
-1 -1
1716 1719
-1 -1
1718 1723
-1 1722
-1 -1
1721 1724
-1 -1
1668 1731
-1 1727
-1 -1
1726 1730
-1 -1
1729 -1
1728 1735
-1 1734
-1 -1
1733 -1
1732 1736
-1 -1
1725 1740
-1 -1
1738 -1
1739 1741
-1 -1
1737 1769
-1 -1
1743 1745
-1 1753
-1 1747
-1 1748
-1 -1
1746 -1
1749 1752
-1 -1
1751 -1
1750 1754
-1 1755
-1 1756
-1 -1
1744 1768
-1 1759
-1 1761
-1 -1
1760 1762
-1 -1
1758 -1
1763 1765
-1 1766
-1 1767
-1 -1
1764 -1
1757 1776
-1 1771
-1 1772
-1 1773
-1 -1
1770 1775
-1 -1
1774 1794
-1 1793
-1 1779
-1 -1
1778 1781
-1 -1
1780 1785
-1 -1
1783 -1
1784 1792
-1 1787
-1 -1
1786 -1
1788 1791
-1 -1
1790 -1
1789 -1
1782 -1
1777 1806
-1 1796
-1 -1
1795 1799
-1 -1
1798 -1
1797 -1
1800 1803
-1 -1
1802 1804
-1 1805
-1 -1
1801 1807
-1 -1
1742 1877
-1 1811
-1 -1
1810 1817
-1 1815
-1 1814
-1 -1
1813 1816
-1 -1
1812 -1
1809 1823
-1 1820
-1 1822
-1 -1
1821 -1
1819 1826
-1 -1
1824 -1
1825 1829
-1 -1
1827 -1
1828 -1
1818 1831
-1 -1
1830 1840
-1 -1
1833 1835
-1 -1
1834 1837
-1 1839
-1 -1
1838 -1
1836 1844
-1 -1
1841 1843
-1 -1
1842 -1
1832 1864
-1 -1
1846 1849
-1 -1
1848 1850
-1 1852
-1 -1
1851 -1
1847 1858
-1 1856
-1 -1
1855 -1
1854 -1
1857 1859
-1 -1
1853 1863
-1 -1
1861 -1
1862 -1
1860 1876
-1 1866
-1 -1
1865 -1
1867 1871
-1 -1
1869 -1
1870 -1
1868 1875
-1 1874
-1 -1
1873 -1
1872 -1
1845 1933
-1 1879
-1 -1
1878 1887
-1 -1
1881 1884
-1 -1
1883 1885
-1 1886
-1 -1
1882 1890
-1 1889
-1 -1
1888 1895
-1 1893
-1 -1
1892 1894
-1 -1
1891 1898
-1 -1
1896 -1
1897 1900
-1 -1
1899 1901
-1 -1
1880 1903
-1 -1
1902 1910
-1 -1
1905 -1
1906 1909
-1 -1
1908 -1
1907 1913
-1 1912
-1 -1
1911 1914
-1 1916
-1 -1
1915 -1
1904 1927
-1 1920
-1 -1
1919 -1
1918 1924
-1 1923
-1 -1
1922 1926
-1 -1
1925 -1
1921 1931
-1 -1
1928 1930
-1 -1
1929 1932
-1 -1
1917 1959
-1 -1
1934 -1
1935 -1
1936 1952
-1 1946
-1 1940
-1 -1
1939 1942
-1 -1
1941 -1
1943 1945
-1 -1
1944 1947
-1 -1
1938 1950
-1 -1
1949 1951
-1 -1
1948 1953
-1 1957
-1 1955
-1 -1
1954 -1
1956 1958
-1 -1
1937 1960
-1 -1
90 1979
-1 1964
-1 -1
1963 -1
1962 1971
-1 1967
-1 1968
-1 -1
1966 -1
1969 -1
1970 1972
-1 1973
-1 1975
-1 -1
1974 1976
-1 1977
-1 1978
-1 -1
1965 1986
-1 -1
1980 -1
1981 1983
-1 -1
1982 1985
-1 -1
1984 1993
-1 1988
-1 1990
-1 -1
1989 1991
-1 1992
-1 -1
1987 2008
-1 -1
1994 -1
1995 1997
-1 -1
1996 1999
-1 -1
1998 2006
-1 2004
-1 -1
2002 -1
2003 2005
-1 -1
2001 2007
-1 -1
2000 2018
-1 2010
-1 2011
-1 -1
2009 2013
-1 2017
-1 -1
2014 -1
2015 -1
2016 -1
2012 2022
-1 2020
-1 -1
2019 -1
2021 2023
-1 2025
-1 -1
2024 2026
-1 -1
1961 2434
-1 -1
2028 -1
2029 -1
2030 2032
-1 -1
2031 2036
-1 -1
2034 -1
2035 2045
-1 2038
-1 2039
-1 -1
2037 2044
-1 2042
-1 2043
-1 -1
2041 -1
2040 -1
2033 2070
-1 2050
-1 2049
-1 -1
2048 -1
2047 -1
2051 2054
-1 -1
2053 2059
-1 -1
2055 -1
2056 2058
-1 -1
2057 2061
-1 -1
2060 -1
2052 2069
-1 2064
-1 -1
2063 2066
-1 2068
-1 -1
2067 -1
2065 -1
2062 2098
-1 -1
2071 2095
-1 2074
-1 -1
2073 -1
2075 2086
-1 2084
-1 2083
-1 2080
-1 -1
2079 2082
-1 -1
2081 -1
2078 2085
-1 -1
2077 2092
-1 -1
2087 2089
-1 2090
-1 2091
-1 -1
2088 2094
-1 -1
2093 -1
2076 2097
-1 -1
2096 -1
2072 2102
-1 2100
-1 -1
2099 -1
2101 2103
-1 -1
2046 2212
-1 -1
2105 2109
-1 -1
2107 -1
2108 2118
-1 -1
2110 2114
-1 2113
-1 -1
2112 2116
-1 -1
2115 2117
-1 -1
2111 2120
-1 -1
2119 2130
-1 -1
2121 -1
2122 2124
-1 2125
-1 -1
2123 2127
-1 2128
-1 -1
2126 -1
2129 -1
2106 2190
-1 2133
-1 -1
2132 2143
-1 -1
2135 -1
2136 2138
-1 -1
2137 2142
-1 2141
-1 -1
2140 -1
2139 2144
-1 -1
2134 2146
-1 2160
-1 -1
2147 -1
2148 2155
-1 2152
-1 -1
2151 2153
-1 2154
-1 -1
2150 2156
-1 2158
-1 -1
2157 2159
-1 -1
2149 2174
-1 -1
2161 2168
-1 -1
2163 -1
2164 -1
2165 2167
-1 -1
2166 2173
-1 -1
2169 2171
-1 2172
-1 -1
2170 -1
2162 2175
-1 -1
2145 -1
2176 2181
-1 -1
2178 2180
-1 -1
2179 2188
-1 -1
2182 2186
-1 2185
-1 -1
2184 2187
-1 -1
2183 2189
-1 -1
2177 -1
2131 2196
-1 -1
2192 2194
-1 -1
2193 -1
2195 2199
-1 2198
-1 -1
2197 2201
-1 -1
2200 2202
-1 -1
2191 2206
-1 2205
-1 -1
2204 2207
-1 2209
-1 -1
2208 2210
-1 2211
-1 -1
2203 2221
-1 -1
2213 2217
-1 -1
2215 -1
2216 2219
-1 -1
2218 2220
-1 -1
2214 2222
-1 -1
2104 2398
-1 2227
-1 2226
-1 -1
2225 2228
-1 2229
-1 2231
-1 -1
2230 -1
2224 2268
-1 2235
-1 -1
2234 -1
2233 -1
2236 2245
-1 2241
-1 -1
2239 -1
2240 2243
-1 -1
2242 2244
-1 -1
2238 2246
-1 -1
2237 -1
2247 2258
-1 -1
2249 2256
-1 -1
2251 -1
2252 2254
-1 2255
-1 -1
2253 2257
-1 -1
2250 2259
-1 2262
-1 -1
2260 -1
2261 2263
-1 2266
-1 2265
-1 -1
2264 2267
-1 -1
2248 -1
2232 2275
-1 -1
2270 2272
-1 -1
2271 2274
-1 -1
2273 -1
2269 2304
-1 -1
2277 2285
-1 -1
2279 2281
-1 2284
-1 -1
2282 -1
2283 -1
2280 -1
2278 2288
-1 -1
2287 2292
-1 -1
2289 2291
-1 -1
2290 2293
-1 -1
2286 2300
-1 -1
2295 2298
-1 -1
2297 -1
2296 -1
2299 2302
-1 -1
2301 2303
-1 -1
2294 2307
-1 -1
2305 -1
2306 2308
-1 2309
-1 2310
-1 2311
-1 -1
2276 2364
-1 2314
-1 2315
-1 -1
2313 2336
-1 -1
2317 -1
2318 2322
-1 2321
-1 -1
2320 2323
-1 2325
-1 -1
2324 2327
-1 -1
2326 2328
-1 2330
-1 -1
2329 -1
2319 2333
-1 -1
2332 2335
-1 -1
2334 -1
2331 2361
-1 -1
2337 2339
-1 2340
-1 -1
2338 2342
-1 2344
-1 -1
2343 2345
-1 -1
2341 -1
2346 2352
-1 -1
2348 -1
2349 2351
-1 -1
2350 -1
2347 2357
-1 2355
-1 -1
2354 -1
2356 2358
-1 2360
-1 -1
2359 -1
2353 2362
-1 2363
-1 -1
2316 2385
-1 -1
2365 -1
2366 2371
-1 2369
-1 2370
-1 -1
2368 2374
-1 -1
2372 -1
2373 -1
2367 2376
-1 -1
2375 2380
-1 2379
-1 -1
2378 2384
-1 2383
-1 -1
2382 -1
2381 -1
2377 2395
-1 -1
2386 -1
2387 2389
-1 -1
2388 2393
-1 -1
2391 -1
2392 2394
-1 -1
2390 2397
-1 -1
2396 -1
2312 2399
-1 2430
-1 -1
2400 2410
-1 -1
2402 2404
-1 -1
2403 -1
2405 -1
2406 2408
-1 2409
-1 -1
2407 2411
-1 2414
-1 2413
-1 -1
2412 2416
-1 -1
2415 -1
2401 2426
-1 2421
-1 -1
2419 -1
2420 2422
-1 2423
-1 -1
2418 2425
-1 -1
2424 2429
-1 2428
-1 -1
2427 -1
2417 2432
-1 -1
2431 2433
-1 -1
2223 2629
-1 -1
2435 -1
2436 2442
-1 2440
-1 -1
2439 2441
-1 -1
2438 2447
-1 2445
-1 -1
2444 -1
2443 -1
2446 2448
-1 -1
2437 2587
-1 2451
-1 -1
2450 2456
-1 2454
-1 2455
-1 -1
2453 2460
-1 2458
-1 2459
-1 -1
2457 2461
-1 -1
2452 2465
-1 2464
-1 -1
2463 2478
-1 -1
2466 -1
2467 2469
-1 -1
2468 -1
2470 2472
-1 -1
2471 2474
-1 -1
2473 2477
-1 -1
2476 -1
2475 2479
-1 2480
-1 -1
2462 2494
-1 -1
2482 -1
2483 2485
-1 -1
2484 2488
-1 -1
2487 2490
-1 -1
2489 2491
-1 -1
2486 2493
-1 -1
2492 2527
-1 2498
-1 -1
2496 -1
2497 -1
2495 -1
2499 2525
-1 2515
-1 -1
2502 2510
-1 -1
2504 -1
2505 2507
-1 2508
-1 2509
-1 -1
2506 2513
-1 2512
-1 -1
2511 2514
-1 -1
2503 2521
-1 2517
-1 -1
2516 2519
-1 2520
-1 -1
2518 2524
-1 -1
2522 -1
2523 -1
2501 2526
-1 -1
2500 2586
-1 -1
2528 -1
2529 2544
-1 2543
-1 2533
-1 2534
-1 -1
2532 2539
-1 -1
2536 -1
2537 -1
2538 2540
-1 2541
-1 2542
-1 -1
2535 -1
2531 -1
2530 2555
-1 2547
-1 -1
2546 -1
2548 2554
-1 -1
2550 2552
-1 -1
2551 -1
2553 -1
2549 2556
-1 2562
-1 -1
2557 2559
-1 2560
-1 2561
-1 -1
2558 2571
-1 2566
-1 -1
2564 -1
2565 -1
2563 -1
2567 2569
-1 2570
-1 -1
2568 2572
-1 -1
2545 2577
-1 2575
-1 2576
-1 -1
2574 2580
-1 -1
2578 -1
2579 -1
2573 2583
-1 -1
2582 2585
-1 -1
2584 -1
2581 -1
2481 2626
-1 -1
2588 2595
-1 2592
-1 -1
2591 2593
-1 -1
2590 -1
2594 2596
-1 -1
2589 2599
-1 -1
2598 2614
-1 2603
-1 -1
2601 -1
2602 2607
-1 -1
2604 2606
-1 -1
2605 2611
-1 -1
2608 2610
-1 -1
2609 2613
-1 -1
2612 -1
2600 2622
-1 2619
-1 2617
-1 2618
-1 -1
2616 2621
-1 -1
2620 -1
2615 2625
-1 -1
2623 -1
2624 -1
2597 2627
-1 2628
-1 -1
2449 3014
-1 -1
2630 2632
-1 -1
2631 2635
-1 -1
2634 -1
2633 2647
-1 2642
-1 -1
2638 -1
2639 2641
-1 -1
2640 2643
-1 2646
-1 -1
2644 -1
2645 -1
2637 2672
-1 -1
2648 2650
-1 2653
-1 -1
2651 -1
2652 2656
-1 -1
2654 -1
2655 2657
-1 -1
2649 2659
-1 2660
-1 -1
2658 2662
-1 -1
2661 2669
-1 2665
-1 -1
2664 -1
2666 2668
-1 -1
2667 2670
-1 2671
-1 -1
2663 2681
-1 2674
-1 -1
2673 -1
2675 2680
-1 -1
2677 2679
-1 -1
2678 -1
2676 2683
-1 -1
2682 -1
2636 2755
-1 -1
2685 2697
-1 2689
-1 -1
2688 -1
2687 2696
-1 -1
2691 2694
-1 -1
2693 2695
-1 -1
2692 -1
2690 2700
-1 2699
-1 -1
2698 2702
-1 -1
2701 2703
-1 2704
-1 -1
2686 2707
-1 -1
2706 -1
2705 2720
-1 -1
2709 -1
2710 2716
-1 2714
-1 -1
2713 -1
2712 -1
2715 2719
-1 2718
-1 -1
2717 -1
2711 2732
-1 2722
-1 2723
-1 -1
2721 -1
2724 2726
-1 -1
2725 -1
2727 2731
-1 -1
2729 -1
2730 -1
2728 2739
-1 2734
-1 -1
2733 2736
-1 2738
-1 -1
2737 -1
2735 2741
-1 -1
2740 -1
2708 2744
-1 -1
2743 2746
-1 -1
2745 -1
2742 2748
-1 2754
-1 -1
2749 2751
-1 -1
2750 2753
-1 -1
2752 -1
2747 2782
-1 2762
-1 -1
2757 -1
2758 -1
2759 2761
-1 -1
2760 2763
-1 -1
2756 2768
-1 2767
-1 -1
2766 -1
2765 2771
-1 -1
2769 -1
2770 2772
-1 2774
-1 -1
2773 2775
-1 -1
2764 2778
-1 -1
2777 2781
-1 2780
-1 -1
2779 -1
2776 2785
-1 2784
-1 -1
2783 2787
-1 -1
2786 2788
-1 -1
2684 2830
-1 2791
-1 -1
2790 2793
-1 2794
-1 -1
2792 2802
-1 -1
2796 2800
-1 -1
2798 -1
2799 2801
-1 -1
2797 -1
2795 2827
-1 2806
-1 -1
2805 -1
2804 2808
-1 2810
-1 -1
2809 -1
2807 2812
-1 2813
-1 -1
2811 2815
-1 2824
-1 2818
-1 -1
2817 2820
-1 -1
2819 -1
2816 2823
-1 -1
2822 -1
2821 2826
-1 -1
2825 -1
2814 2828
-1 2829
-1 -1
2803 2882
-1 -1
2831 2833
-1 -1
2832 -1
2834 -1
2835 -1
2836 2847
-1 2843
-1 -1
2839 -1
2840 2842
-1 -1
2841 -1
2838 2846
-1 -1
2845 -1
2844 -1
2837 2867
-1 2850
-1 2851
-1 -1
2849 -1
2852 2854
-1 -1
2853 2859
-1 -1
2856 2858
-1 -1
2857 2860
-1 2861
-1 -1
2855 2865
-1 2864
-1 -1
2863 2866
-1 -1
2862 2880
-1 2871
-1 -1
2869 -1
2870 2872
-1 -1
2868 2878
-1 2875
-1 -1
2874 2877
-1 -1
2876 2879
-1 -1
2873 2881
-1 -1
2848 2916
-1 2884
-1 -1
2883 -1
2885 2901
-1 -1
2887 2893
-1 -1
2889 2891
-1 2892
-1 -1
2890 2895
-1 -1
2894 -1
2888 2899
-1 -1
2897 -1
2898 2900
-1 -1
2896 2914
-1 -1
2902 -1
2903 -1
2904 2906
-1 -1
2905 -1
2907 2910
-1 -1
2909 2912
-1 -1
2911 2913
-1 -1
2908 2915
-1 -1
2886 2949
-1 2918
-1 -1
2917 2948
-1 -1
2920 2945
-1 -1
2922 2924
-1 2929
-1 -1
2925 2928
-1 -1
2927 -1
2926 2931
-1 -1
2930 -1
2923 2934
-1 -1
2933 2935
-1 -1
2932 -1
2936 2938
-1 2940
-1 -1
2939 -1
2937 2944
-1 -1
2942 -1
2943 -1
2941 2946
-1 2947
-1 -1
2921 -1
2919 2958
-1 -1
2950 2953
-1 -1
2952 -1
2951 2957
-1 2956
-1 -1
2955 -1
2954 2959
-1 2975
-1 2961
-1 -1
2960 2973
-1 -1
2963 -1
2964 2966
-1 2967
-1 -1
2965 2969
-1 -1
2968 2971
-1 -1
2970 -1
2972 2974
-1 -1
2962 2981
-1 -1
2976 2978
-1 2980
-1 -1
2979 -1
2977 2991
-1 2983
-1 -1
2982 2987
-1 -1
2985 -1
2986 2988
-1 -1
2984 2990
-1 -1
2989 3010
-1 -1
2992 2995
-1 -1
2994 -1
2993 3006
-1 -1
2997 -1
2998 3001
-1 -1
3000 -1
2999 3004
-1 -1
3003 3005
-1 -1
3002 3007
-1 3009
-1 -1
3008 -1
2996 3012
-1 -1
3011 3013
-1 -1
2789 3028
-1 3017
-1 -1
3016 -1
3015 -1
3018 3027
-1 -1
3020 3022
-1 3023
-1 -1
3021 3026
-1 -1
3025 -1
3024 -1
3019 3055
-1 3030
-1 -1
3029 3037
-1 3033
-1 3034
-1 -1
3032 3036
-1 -1
3035 3047
-1 3039
-1 -1
3038 -1
3040 3042
-1 3043
-1 3046
-1 -1
3044 -1
3045 -1
3041 3048
-1 -1
3031 3054
-1 3051
-1 -1
3050 3053
-1 -1
3052 -1
3049 3056
-1 3057
-1 -1
2027 3762
-1 3060
-1 3062
-1 -1
3061 -1
3059 3064
-1 3065
-1 3066
-1 -1
3063 -1
3067 3070
-1 -1
3069 3074
-1 3072
-1 3073
-1 -1
3071 -1
3068 3100
-1 3077
-1 -1
3076 3090
-1 3080
-1 -1
3079 -1
3081 3083
-1 3085
-1 -1
3084 3087
-1 -1
3086 3088
-1 3089
-1 -1
3082 3091
-1 3093
-1 -1
3092 3097
-1 3095
-1 -1
3094 -1
3096 3098
-1 3099
-1 -1
3078 3101
-1 3104
-1 -1
3102 -1
3103 3106
-1 -1
3105 -1
3075 3124
-1 3120
-1 3113
-1 -1
3110 -1
3111 -1
3112 3114
-1 -1
3109 3116
-1 3119
-1 -1
3117 -1
3118 -1
3115 3121
-1 3123
-1 -1
3122 -1
3108 3205
-1 -1
3125 3137
-1 -1
3127 3129
-1 -1
3128 3133
-1 3132
-1 -1
3131 3135
-1 -1
3134 3136
-1 -1
3130 3152
-1 -1
3138 -1
3139 -1
3140 -1
3141 3143
-1 3146
-1 -1
3144 -1
3145 3147
-1 -1
3142 3150
-1 -1
3149 3151
-1 -1
3148 3155
-1 -1
3153 -1
3154 -1
3126 3162
-1 -1
3157 3159
-1 3161
-1 -1
3160 -1
3158 3163
-1 -1
3156 3169
-1 3168
-1 -1
3166 -1
3167 -1
3165 3173
-1 -1
3170 -1
3171 -1
3172 3175
-1 -1
3174 -1
3164 3199
-1 -1
3177 3180
-1 -1
3179 -1
3178 3185
-1 -1
3182 -1
3183 -1
3184 3186
-1 3192
-1 -1
3187 3189
-1 3191
-1 -1
3190 -1
3188 3196
-1 3194
-1 3195
-1 -1
3193 3198
-1 -1
3197 -1
3181 3201
-1 -1
3200 3202
-1 3204
-1 -1
3203 -1
3176 3210
-1 -1
3206 -1
3207 3209
-1 -1
3208 3216
-1 3213
-1 -1
3212 3214
-1 -1
3211 -1
3215 3221
-1 -1
3217 3220
-1 -1
3219 -1
3218 -1
3107 3228
-1 -1
3223 3225
-1 3227
-1 -1
3226 -1
3224 3229
-1 3232
-1 -1
3230 -1
3231 3234
-1 -1
3233 -1
3222 3617
-1 -1
3236 3241
-1 3239
-1 -1
3238 -1
3240 3242
-1 -1
3237 3246
-1 3245
-1 -1
3244 3247
-1 3252
-1 3249
-1 -1
3248 3251
-1 -1
3250 3254
-1 -1
3253 3263
-1 -1
3255 3257
-1 -1
3256 3259
-1 3261
-1 -1
3260 3262
-1 -1
3258 3266
-1 3265
-1 -1
3264 -1
3243 3268
-1 3269
-1 3271
-1 -1
3270 3277
-1 -1
3272 3274
-1 -1
3273 3276
-1 -1
3275 -1
3267 3366
-1 3280
-1 3282
-1 -1
3281 -1
3279 3285
-1 -1
3284 3286
-1 -1
3283 3288
-1 3289
-1 -1
3287 3291
-1 3292
-1 3299
-1 -1
3293 -1
3294 3298
-1 3297
-1 -1
3296 -1
3295 3300
-1 3304
-1 -1
3301 3303
-1 -1
3302 -1
3290 3308
-1 -1
3306 -1
3307 3309
-1 -1
3305 3317
-1 3313
-1 -1
3312 3314
-1 3315
-1 -1
3311 -1
3316 3335
-1 -1
3318 3321
-1 -1
3320 3323
-1 -1
3322 3324
-1 -1
3319 3329
-1 3327
-1 3328
-1 -1
3326 3334
-1 -1
3330 3333
-1 -1
3332 -1
3331 -1
3325 3362
-1 3337
-1 3339
-1 -1
3338 -1
3336 3352
-1 -1
3341 3343
-1 -1
3342 3346
-1 -1
3345 -1
3344 3349
-1 -1
3348 3350
-1 3351
-1 -1
3347 3356
-1 -1
3353 3355
-1 -1
3354 3359
-1 -1
3357 -1
3358 -1
3340 3361
-1 -1
3360 3365
-1 3364
-1 -1
3363 -1
3310 3380
-1 -1
3367 3375
-1 -1
3369 -1
3370 3374
-1 3373
-1 -1
3372 -1
3371 3376
-1 3377
-1 3378
-1 3379
-1 -1
3368 3437
-1 -1
3381 3386
-1 3384
-1 -1
3383 -1
3385 3400
-1 3389
-1 -1
3388 -1
3387 3398
-1 -1
3391 3397
-1 -1
3393 3396
-1 -1
3395 -1
3394 -1
3392 3399
-1 -1
3390 -1
3382 3404
-1 -1
3402 -1
3403 3427
-1 3407
-1 -1
3406 -1
3405 3416
-1 -1
3409 3413
-1 3412
-1 -1
3411 -1
3410 3415
-1 -1
3414 -1
3408 3425
-1 -1
3418 3422
-1 3421
-1 -1
3420 3423
-1 3424
-1 -1
3419 3426
-1 -1
3417 3429
-1 -1
3428 3432
-1 3431
-1 -1
3430 3433
-1 -1
3401 3435
-1 3436
-1 -1
3434 3438
-1 -1
3278 3462
-1 -1
3440 -1
3441 3444
-1 -1
3443 3445
-1 -1
3442 -1
3446 3449
-1 -1
3448 3458
-1 3451
-1 -1
3450 -1
3452 3454
-1 3455
-1 -1
3453 3457
-1 -1
3456 3459
-1 -1
3447 3461
-1 -1
3460 3477
-1 3464
-1 3465
-1 -1
3463 3473
-1 -1
3467 -1
3468 3470
-1 -1
3469 3472
-1 -1
3471 3475
-1 -1
3474 3476
-1 -1
3466 3481
-1 -1
3478 3480
-1 -1
3479 -1
3439 3567
-1 -1
3483 3485
-1 -1
3484 3496
-1 3489
-1 -1
3488 -1
3487 -1
3490 3495
-1 3493
-1 -1
3492 -1
3494 -1
3491 3498
-1 -1
3497 3500
-1 -1
3499 -1
3486 3507
-1 3503
-1 -1
3502 -1
3504 -1
3505 -1
3506 3508
-1 3510
-1 -1
3509 3511
-1 -1
3501 3518
-1 -1
3513 3515
-1 -1
3514 3517
-1 -1
3516 3527
-1 3523
-1 -1
3520 -1
3521 -1
3522 3524
-1 3525
-1 3526
-1 -1
3519 3528
-1 3529
-1 -1
3512 3550
-1 -1
3531 -1
3532 3547
-1 3538
-1 -1
3535 3537
-1 -1
3536 3540
-1 -1
3539 -1
3534 3543
-1 -1
3542 3544
-1 3545
-1 3546
-1 -1
3541 3549
-1 -1
3548 -1
3533 3555
-1 -1
3551 3553
-1 -1
3552 -1
3554 3565
-1 -1
3556 -1
3557 3564
-1 -1
3559 3561
-1 3563
-1 -1
3562 -1
3560 -1
3558 3566
-1 -1
3530 3601
-1 3569
-1 -1
3568 3572
-1 -1
3571 3574
-1 -1
3573 -1
3570 3578
-1 -1
3576 -1
3577 3579
-1 -1
3575 3591
-1 3587
-1 -1
3582 3585
-1 -1
3584 -1
3583 -1
3586 3588
-1 3589
-1 3590
-1 -1
3581 3594
-1 3593
-1 -1
3592 3598
-1 -1
3595 3597
-1 -1
3596 3600
-1 -1
3599 -1
3580 3602
-1 3603
-1 3604
-1 3605
-1 -1
3482 -1
3606 3609
-1 -1
3608 3611
-1 -1
3610 3616
-1 3614
-1 -1
3613 3615
-1 -1
3612 -1
3607 3623
-1 -1
3618 -1
3619 -1
3620 3622
-1 -1
3621 3633
-1 -1
3624 3630
-1 -1
3626 3629
-1 -1
3628 -1
3627 3631
-1 -1
3625 -1
3632 3707
-1 3639
-1 -1
3635 3637
-1 3638
-1 -1
3636 3640
-1 -1
3634 3648
-1 3643
-1 3644
-1 3645
-1 -1
3642 3647
-1 -1
3646 3664
-1 3650
-1 3651
-1 -1
3649 -1
3652 3658
-1 3657
-1 -1
3655 -1
3656 -1
3654 3659
-1 3662
-1 -1
3660 -1
3661 3663
-1 -1
3653 3665
-1 3667
-1 -1
3666 3669
-1 -1
3668 3670
-1 -1
3641 3676
-1 -1
3672 -1
3673 3675
-1 -1
3674 3696
-1 3678
-1 -1
3677 3684
-1 3681
-1 3682
-1 3683
-1 -1
3680 -1
3679 3691
-1 3690
-1 -1
3687 3689
-1 -1
3688 -1
3686 3695
-1 3693
-1 3694
-1 -1
3692 -1
3685 3700
-1 3698
-1 3699
-1 -1
3697 3705
-1 3703
-1 -1
3702 3704
-1 -1
3701 3706
-1 -1
3671 3713
-1 -1
3708 -1
3709 -1
3710 3712
-1 -1
3711 3733
-1 -1
3714 3716
-1 -1
3715 3721
-1 -1
3718 3720
-1 -1
3719 3722
-1 3726
-1 -1
3723 3725
-1 -1
3724 3728
-1 -1
3727 3731
-1 3730
-1 -1
3729 3732
-1 -1
3717 3739
-1 3735
-1 3736
-1 -1
3734 3738
-1 -1
3737 3740
-1 3758
-1 3742
-1 -1
3741 3748
-1 -1
3744 3747
-1 -1
3746 -1
3745 3749
-1 -1
3743 -1
3750 3752
-1 -1
3751 3755
-1 -1
3754 3756
-1 -1
3753 -1
3757 3759
-1 3760
-1 3761
-1 -1
3235 3916
-1 -1
3763 3775
-1 -1
3765 -1
3766 3769
-1 -1
3768 3774
-1 3773
-1 3772
-1 -1
3771 -1
3770 -1
3767 3776
-1 3785
-1 3778
-1 -1
3777 3783
-1 3781
-1 -1
3780 -1
3782 3784
-1 -1
3779 -1
3764 3804
-1 3788
-1 -1
3787 3792
-1 3791
-1 -1
3790 3793
-1 -1
3789 3795
-1 3799
-1 -1
3796 -1
3797 -1
3798 -1
3794 3801
-1 3802
-1 3803
-1 -1
3800 3812
-1 -1
3805 3811
-1 3809
-1 -1
3808 -1
3807 -1
3810 -1
3806 3839
-1 3814
-1 -1
3813 3819
-1 3817
-1 3818
-1 -1
3816 3832
-1 3826
-1 -1
3821 -1
3822 3824
-1 -1
3823 -1
3825 -1
3820 3828
-1 3830
-1 -1
3829 -1
3827 -1
3831 3834
-1 -1
3833 3837
-1 -1
3835 -1
3836 3838
-1 -1
3815 3855
-1 -1
3840 -1
3841 3843
-1 3846
-1 3845
-1 -1
3844 3853
-1 -1
3847 3849
-1 -1
3848 3851
-1 -1
3850 -1
3852 3854
-1 -1
3842 3858
-1 3857
-1 -1
3856 3859
-1 -1
3786 3895
-1 -1
3861 -1
3862 3865
-1 -1
3864 3884
-1 3867
-1 3868
-1 -1
3866 3871
-1 -1
3870 -1
3869 3873
-1 3874
-1 -1
3872 3877
-1 -1
3876 -1
3875 3879
-1 3883
-1 3881
-1 3882
-1 -1
3880 -1
3878 3886
-1 -1
3885 3892
-1 3890
-1 -1
3888 -1
3889 -1
3887 -1
3891 3893
-1 3894
-1 -1
3863 3910
-1 3897
-1 -1
3896 -1
3898 3902
-1 3901
-1 -1
3900 3908
-1 3904
-1 3905
-1 -1
3903 3907
-1 -1
3906 3909
-1 -1
3899 3912
-1 -1
3911 3913
-1 3915
-1 -1
3914 -1
3860 3985
-1 -1
3917 -1
3918 3920
-1 3922
-1 -1
3921 -1
3919 3925
-1 -1
3924 3926
-1 -1
3923 3931
-1 3929
-1 3930
-1 -1
3928 3935
-1 -1
3932 3934
-1 -1
3933 -1
3927 3949
-1 -1
3937 3939
-1 -1
3938 3941
-1 -1
3940 3944
-1 -1
3943 3945
-1 -1
3942 3948
-1 -1
3947 -1
3946 3951
-1 -1
3950 3958
-1 3953
-1 -1
3952 3955
-1 -1
3954 -1
3956 -1
3957 3963
-1 -1
3959 -1
3960 3962
-1 -1
3961 -1
3936 3965
-1 3967
-1 -1
3966 3973
-1 3971
-1 -1
3969 -1
3970 3972
-1 -1
3968 3981
-1 3975
-1 3976
-1 -1
3974 3978
-1 3979
-1 -1
3977 -1
3980 3984
-1 3983
-1 -1
3982 -1
3964 4005
-1 3987
-1 -1
3986 3991
-1 3990
-1 -1
3989 3994
-1 3993
-1 -1
3992 3997
-1 3996
-1 -1
3995 3999
-1 -1
3998 4000
-1 4003
-1 4002
-1 -1
4001 4004
-1 -1
3988 4008
-1 4007
-1 -1
4006 4011
-1 -1
4009 -1
4010 4027
-1 -1
4012 4014
-1 -1
4013 4016
-1 4017
-1 -1
4015 4021
-1 4020
-1 -1
4019 4023
-1 -1
4022 -1
4018 -1
4024 4026
-1 -1
4025 4029
-1 -1
4028 -1
3058 4372
-1 4035
-1 -1
4032 -1
4033 -1
4034 4039
-1 -1
4036 -1
4037 -1
4038 4040
-1 -1
4031 4046
-1 4043
-1 -1
4042 4045
-1 -1
4044 4047
-1 4048
-1 4051
-1 -1
4049 -1
4050 -1
4041 4165
-1 4054
-1 4059
-1 -1
4055 -1
4056 4058
-1 -1
4057 4060
-1 -1
4053 4062
-1 4063
-1 -1
4061 4147
-1 4069
-1 -1
4066 -1
4067 -1
4068 4070
-1 -1
4065 4100
-1 4073
-1 4074
-1 -1
4072 4096
-1 4078
-1 -1
4077 4095
-1 4080
-1 -1
4079 4093
-1 4083
-1 -1
4082 4086
-1 -1
4085 -1
4084 4090
-1 4089
-1 -1
4088 4092
-1 -1
4091 -1
4087 4094
-1 -1
4081 -1
4076 4099
-1 -1
4097 -1
4098 -1
4075 4143
-1 4102
-1 -1
4101 4105
-1 -1
4104 4106
-1 4109
-1 -1
4107 -1
4108 -1
4103 4121
-1 4113
-1 -1
4112 -1
4111 4115
-1 -1
4114 4117
-1 4119
-1 -1
4118 4120
-1 -1
4116 4128
-1 4124
-1 -1
4123 4125
-1 4127
-1 -1
4126 -1
4122 4133
-1 4130
-1 4132
-1 -1
4131 -1
4129 4141
-1 4135
-1 4138
-1 -1
4136 -1
4137 4139
-1 4140
-1 -1
4134 4142
-1 -1
4110 4145
-1 -1
4144 4146
-1 -1
4071 4162
-1 4154
-1 -1
4149 -1
4150 4152
-1 -1
4151 -1
4153 -1
4148 4157
-1 -1
4156 4158
-1 -1
4155 4160
-1 -1
4159 -1
4161 4163
-1 4164
-1 -1
4064 4205
-1 4167
-1 4168
-1 -1
4166 4187
-1 -1
4170 4179
-1 -1
4172 -1
4173 -1
4174 4178
-1 4177
-1 -1
4176 -1
4175 4185
-1 -1
4180 4182
-1 -1
4181 4184
-1 -1
4183 -1
4171 -1
4186 4188
-1 4198
-1 4190
-1 4191
-1 4193
-1 -1
4192 4195
-1 -1
4194 4196
-1 4197
-1 -1
4189 4204
-1 -1
4199 4201
-1 4203
-1 -1
4202 -1
4200 -1
4169 4223
-1 -1
4206 -1
4207 4210
-1 -1
4209 -1
4208 4214
-1 4213
-1 -1
4212 4215
-1 -1
4211 4222
-1 4219
-1 -1
4218 -1
4217 4221
-1 -1
4220 -1
4216 4245
-1 -1
4224 4228
-1 4227
-1 -1
4226 4230
-1 -1
4229 -1
4225 4240
-1 -1
4232 -1
4233 4237
-1 4236
-1 -1
4235 4239
-1 -1
4238 -1
4234 4242
-1 -1
4241 4244
-1 -1
4243 -1
4231 -1
4052 4364
-1 -1
4247 4249
-1 4250
-1 -1
4248 4257
-1 -1
4252 4255
-1 -1
4254 4256
-1 -1
4253 -1
4251 4259
-1 -1
4258 4261
-1 4272
-1 -1
4262 4264
-1 -1
4263 -1
4265 4267
-1 -1
4266 4271
-1 4270
-1 -1
4269 -1
4268 4273
-1 4274
-1 -1
4260 4342
-1 -1
4276 4278
-1 4279
-1 -1
4277 4339
-1 4282
-1 -1
4281 4286
-1 4285
-1 -1
4284 -1
4283 4289
-1 -1
4288 4292
-1 -1
4290 -1
4291 4293
-1 -1
4287 -1
4294 4298
-1 -1
4296 -1
4297 4299
-1 -1
4295 4304
-1 4302
-1 -1
4301 -1
4303 4305
-1 -1
4300 4318
-1 4308
-1 -1
4307 4312
-1 4311
-1 -1
4310 4317
-1 -1
4313 4315
-1 4316
-1 -1
4314 -1
4309 4319
-1 -1
4306 4322
-1 -1
4321 4327
-1 -1
4323 -1
4324 4326
-1 -1
4325 -1
4320 4338
-1 -1
4329 -1
4330 -1
4331 4336
-1 -1
4333 -1
4334 -1
4335 4337
-1 -1
4332 -1
4328 4341
-1 -1
4340 -1
4280 4356
-1 -1
4343 4345
-1 -1
4344 4349
-1 4348
-1 -1
4347 4351
-1 -1
4350 4354
-1 4353
-1 -1
4352 -1
4346 -1
4355 4361
-1 4359
-1 -1
4358 -1
4357 -1
4360 4363
-1 -1
4362 -1
4275 4370
-1 4367
-1 -1
4366 4369
-1 -1
4368 -1
4365 4371
-1 -1
4246 4539
-1 4486
-1 -1
4374 4382
-1 -1
4376 4378
-1 -1
4377 4380
-1 4381
-1 -1
4379 -1
4375 4420
-1 -1
4384 -1
4385 4387
-1 4388
-1 -1
4386 -1
4389 4393
-1 -1
4391 -1
4392 4394
-1 -1
4390 4401
-1 -1
4396 4400
-1 -1
4398 -1
4399 -1
4397 -1
4395 4407
-1 4404
-1 -1
4403 4406
-1 -1
4405 4408
-1 -1
4402 4411
-1 -1
4410 4413
-1 -1
4412 4415
-1 -1
4414 4418
-1 4417
-1 -1
4416 4419
-1 -1
4409 4422
-1 -1
4421 4423
-1 4430
-1 4426
-1 -1
4425 -1
4424 4428
-1 4429
-1 -1
4427 4472
-1 -1
4431 4438
-1 -1
4433 4435
-1 4436
-1 4437
-1 -1
4434 4440
-1 -1
4439 4445
-1 -1
4441 -1
4442 4444
-1 -1
4443 4446
-1 4447
-1 -1
4432 4455
-1 4450
-1 -1
4449 4452
-1 4453
-1 4454
-1 -1
4451 4471
-1 -1
4456 4458
-1 -1
4457 4465
-1 4464
-1 4462
-1 -1
4461 -1
4463 -1
4460 4468
-1 4467
-1 -1
4466 4469
-1 4470
-1 -1
4459 -1
4448 4482
-1 -1
4473 4475
-1 4476
-1 -1
4474 4478
-1 -1
4477 4480
-1 4481
-1 -1
4479 4485
-1 4484
-1 -1
4483 -1
4383 4531
-1 -1
4487 -1
4488 4490
-1 4493
-1 -1
4491 -1
4492 4499
-1 -1
4494 -1
4495 4498
-1 -1
4497 -1
4496 4503
-1 4502
-1 -1
4501 -1
4500 -1
4489 4510
-1 -1
4505 4509
-1 -1
4507 -1
4508 -1
4506 4514
-1 -1
4511 -1
4512 -1
4513 4515
-1 4516
-1 -1
4504 4529
-1 4519
-1 4520
-1 -1
4518 4526
-1 -1
4522 4525
-1 -1
4524 -1
4523 4527
-1 -1
4521 -1
4528 4530
-1 -1
4517 4537
-1 -1
4532 4534
-1 -1
4533 -1
4535 -1
4536 4538
-1 -1
4373 4571
-1 -1
4540 -1
4541 -1
4542 -1
4543 4545
-1 4546
-1 -1
4544 -1
4547 4552
-1 4550
-1 4551
-1 -1
4549 4557
-1 -1
4553 4555
-1 4556
-1 -1
4554 -1
4548 4570
-1 4564
-1 4562
-1 -1
4561 4563
-1 -1
4560 4567
-1 -1
4565 -1
4566 4569
-1 -1
4568 -1
4559 -1
4558 4593
-1 4573
-1 4574
-1 -1
4572 -1
4575 -1
4576 4578
-1 4579
-1 -1
4577 4592
-1 -1
4581 -1
4582 -1
4583 4586
-1 -1
4585 4587
-1 4588
-1 -1
4584 4590
-1 -1
4589 -1
4591 -1
4580 4600
-1 -1
4594 -1
4595 4597
-1 4598
-1 -1
4596 -1
4599 4602
-1 -1
4601 4604
-1 -1
4603 -1
4030 5833
-1 4607
-1 -1
4606 4610
-1 -1
4609 -1
4608 4614
-1 -1
4612 -1
4613 -1
4611 4625
-1 -1
4616 4620
-1 -1
4618 -1
4619 -1
4617 4622
-1 4624
-1 -1
4623 -1
4621 4631
-1 4627
-1 -1
4626 4630
-1 -1
4629 -1
4628 4632
-1 -1
4615 4643
-1 4635
-1 -1
4634 -1
4636 4641
-1 -1
4638 4640
-1 -1
4639 4642
-1 -1
4637 4645
-1 -1
4644 4646
-1 -1
4633 4654
-1 4650
-1 -1
4649 4651
-1 -1
4648 4653
-1 -1
4652 4655
-1 -1
4647 4861
-1 -1
4657 4659
-1 4661
-1 -1
4660 4663
-1 -1
4662 -1
4658 4665
-1 -1
4664 4669
-1 -1
4667 -1
4668 4670
-1 -1
4666 4685
-1 -1
4672 4674
-1 -1
4673 4677
-1 -1
4676 -1
4675 4682
-1 -1
4679 4681
-1 -1
4680 -1
4678 4684
-1 -1
4683 4687
-1 -1
4686 4688
-1 -1
4671 4772
-1 -1
4690 4760
-1 -1
4692 -1
4693 4695
-1 4696
-1 4712
-1 -1
4697 -1
4698 -1
4699 4711
-1 4703
-1 -1
4702 4704
-1 4705
-1 4706
-1 4707
-1 -1
4701 4710
-1 -1
4709 -1
4708 -1
4700 4716
-1 4715
-1 -1
4714 -1
4713 -1
4694 4720
-1 4719
-1 -1
4718 4740
-1 -1
4721 4724
-1 -1
4723 4725
-1 4726
-1 4727
-1 -1
4722 4729
-1 -1
4728 4735
-1 -1
4731 4734
-1 -1
4733 -1
4732 4739
-1 4738
-1 -1
4737 -1
4736 -1
4730 4743
-1 -1
4741 -1
4742 4749
-1 -1
4744 4746
-1 -1
4745 4748
-1 -1
4747 4752
-1 4751
-1 -1
4750 4753
-1 4754
-1 4755
-1 4758
-1 4757
-1 -1
4756 4759
-1 -1
4717 4764
-1 4762
-1 4763
-1 -1
4761 4765
-1 4769
-1 4767
-1 -1
4766 -1
4768 4771
-1 -1
4770 -1
4691 4848
-1 -1
4773 4775
-1 4778
-1 -1
4776 -1
4777 4779
-1 -1
4774 4782
-1 -1
4781 4783
-1 4784
-1 4786
-1 -1
4785 4787
-1 -1
4780 4819
-1 -1
4789 4795
-1 -1
4791 4793
-1 -1
4792 -1
4794 4796
-1 -1
4790 4818
-1 4799
-1 4817
-1 4801
-1 -1
4800 4804
-1 -1
4803 -1
4802 4809
-1 -1
4806 4808
-1 -1
4807 4810
-1 4811
-1 -1
4805 4813
-1 4815
-1 -1
4814 4816
-1 -1
4812 -1
4798 -1
4797 4843
-1 4834
-1 4822
-1 -1
4821 4828
-1 -1
4824 4826
-1 4827
-1 -1
4825 4833
-1 4830
-1 4831
-1 -1
4829 -1
4832 -1
4823 4841
-1 -1
4835 4837
-1 -1
4836 4840
-1 -1
4839 -1
4838 4842
-1 -1
4820 4846
-1 4845
-1 -1
4844 4847
-1 -1
4788 4849
-1 4860
-1 -1
4850 4854
-1 4853
-1 -1
4852 4859
-1 -1
4855 4857
-1 4858
-1 -1
4856 -1
4851 -1
4689 4879
-1 -1
4862 -1
4863 4878
-1 -1
4865 4867
-1 -1
4866 4872
-1 4870
-1 -1
4869 -1
4871 4874
-1 -1
4873 4876
-1 -1
4875 4877
-1 -1
4868 -1
4864 4889
-1 -1
4880 4883
-1 -1
4882 -1
4881 4888
-1 4887
-1 -1
4886 -1
4885 -1
4884 4892
-1 4891
-1 -1
4890 -1
4656 5223
-1 -1
4894 4896
-1 -1
4895 4942
-1 4899
-1 -1
4898 4904
-1 4903
-1 -1
4902 -1
4901 4911
-1 -1
4905 -1
4906 4908
-1 -1
4907 4910
-1 -1
4909 4913
-1 -1
4912 -1
4900 4923
-1 4916
-1 -1
4915 4918
-1 -1
4917 4920
-1 -1
4919 4922
-1 -1
4921 4933
-1 -1
4924 4926
-1 -1
4925 4930
-1 -1
4928 -1
4929 4931
-1 4932
-1 -1
4927 4939
-1 -1
4934 -1
4935 4937
-1 4938
-1 -1
4936 4940
-1 4941
-1 -1
4914 4957
-1 -1
4943 4946
-1 -1
4945 4949
-1 4948
-1 -1
4947 4953
-1 4951
-1 -1
4950 -1
4952 4954
-1 4956
-1 -1
4955 -1
4944 5111
-1 -1
4958 4960
-1 4963
-1 4962
-1 -1
4961 4964
-1 -1
4959 4978
-1 4975
-1 4972
-1 4969
-1 4970
-1 -1
4968 -1
4971 4973
-1 4974
-1 -1
4967 4976
-1 4977
-1 -1
4966 4981
-1 -1
4979 -1
4980 4983
-1 -1
4982 -1
4965 -1
4984 4995
-1 -1
4986 -1
4987 -1
4988 4992
-1 4991
-1 -1
4990 4994
-1 -1
4993 -1
4989 -1
4985 5000
-1 -1
4997 -1
4998 -1
4999 5002
-1 -1
5001 5006
-1 5005
-1 -1
5004 -1
5003 5015
-1 5008
-1 5009
-1 -1
5007 5014
-1 -1
5011 5013
-1 -1
5012 -1
5010 5016
-1 5017
-1 -1
4996 5023
-1 -1
5019 5021
-1 -1
5020 -1
5022 -1
5018 5031
-1 5026
-1 5029
-1 -1
5027 -1
5028 -1
5025 -1
5030 5085
-1 5033
-1 -1
5032 5036
-1 -1
5035 -1
5034 5038
-1 5040
-1 -1
5039 -1
5037 5043
-1 -1
5042 5044
-1 5045
-1 5046
-1 -1
5041 5062
-1 -1
5048 5052
-1 5051
-1 -1
5050 -1
5049 5056
-1 5055
-1 -1
5054 -1
5053 5059
-1 -1
5058 5060
-1 -1
5057 -1
5061 5081
-1 5066
-1 5065
-1 -1
5064 -1
5063 -1
5067 5080
-1 5070
-1 -1
5069 5072
-1 -1
5071 5075
-1 -1
5074 5076
-1 5078
-1 -1
5077 5079
-1 -1
5073 -1
5068 5083
-1 -1
5082 5084
-1 -1
5047 5087
-1 -1
5086 5088
-1 5089
-1 -1
5024 5108
-1 -1
5091 5093
-1 -1
5092 -1
5094 5105
-1 5097
-1 -1
5096 5099
-1 5100
-1 5103
-1 -1
5101 -1
5102 5104
-1 -1
5098 5106
-1 5107
-1 -1
5095 5110
-1 -1
5109 -1
5090 5167
-1 5113
-1 -1
5112 5115
-1 5117
-1 -1
5116 5118
-1 -1
5114 5124
-1 -1
5120 -1
5121 5123
-1 -1
5122 -1
5119 5158
-1 5136
-1 5130
-1 -1
5128 -1
5129 -1
5127 5134
-1 -1
5132 -1
5133 5135
-1 -1
5131 5144
-1 -1
5137 5140
-1 -1
5139 -1
5138 -1
5141 5143
-1 -1
5142 5145
-1 -1
5126 5155
-1 5148
-1 -1
5147 5154
-1 5151
-1 5152
-1 5153
-1 -1
5150 -1
5149 5157
-1 -1
5156 -1
5146 5159
-1 5161
-1 -1
5160 5162
-1 5164
-1 -1
5163 5166
-1 -1
5165 -1
5125 -1
4897 5202
-1 -1
5169 5171
-1 -1
5170 5177
-1 5174
-1 -1
5173 5176
-1 -1
5175 5182
-1 -1
5178 5180
-1 5181
-1 -1
5179 -1
5172 5191
-1 -1
5184 -1
5185 -1
5186 5189
-1 -1
5188 5190
-1 -1
5187 5197
-1 5193
-1 -1
5192 5195
-1 5196
-1 -1
5194 5201
-1 5200
-1 -1
5199 -1
5198 -1
5183 5213
-1 -1
5203 5205
-1 5208
-1 -1
5206 -1
5207 -1
5204 5211
-1 -1
5210 -1
5209 -1
5212 5221
-1 -1
5214 -1
5215 5217
-1 5220
-1 5219
-1 -1
5218 -1
5216 5222
-1 -1
5168 5432
-1 -1
5224 5251
-1 5227
-1 -1
5226 5229
-1 5232
-1 -1
5230 -1
5231 5233
-1 5234
-1 -1
5228 5246
-1 5237
-1 -1
5236 5239
-1 -1
5238 5241
-1 -1
5240 5243
-1 5244
-1 5245
-1 -1
5242 5247
-1 5249
-1 -1
5248 5250
-1 -1
5235 5304
-1 -1
5252 5255
-1 -1
5254 -1
5253 5257
-1 -1
5256 5279
-1 -1
5259 5261
-1 -1
5260 5263
-1 -1
5262 5276
-1 5266
-1 5267
-1 -1
5265 5272
-1 5270
-1 -1
5269 -1
5271 5275
-1 -1
5273 -1
5274 -1
5268 5277
-1 5278
-1 -1
5264 5284
-1 -1
5280 5282
-1 5283
-1 -1
5281 5301
-1 -1
5285 5288
-1 -1
5287 -1
5286 5290
-1 -1
5289 5298
-1 -1
5292 5297
-1 -1
5294 5296
-1 -1
5295 -1
5293 5300
-1 -1
5299 -1
5291 5303
-1 -1
5302 -1
5258 5307
-1 -1
5305 -1
5306 5312
-1 -1
5308 -1
5309 5311
-1 -1
5310 5317
-1 -1
5313 5316
-1 -1
5315 -1
5314 5327
-1 -1
5318 5320
-1 -1
5319 -1
5321 -1
5322 5325
-1 -1
5324 5326
-1 -1
5323 5331
-1 5329
-1 5330
-1 -1
5328 5334
-1 5333
-1 -1
5332 5335
-1 -1
5225 5371
-1 -1
5337 5339
-1 5340
-1 5342
-1 -1
5341 -1
5338 5344
-1 5345
-1 -1
5343 5351
-1 -1
5347 5350
-1 -1
5349 -1
5348 5357
-1 -1
5352 -1
5353 5355
-1 5356
-1 -1
5354 5369
-1 5363
-1 -1
5359 5361
-1 -1
5360 -1
5362 5368
-1 -1
5364 5367
-1 -1
5366 -1
5365 -1
5358 -1
5346 -1
5370 5412
-1 5378
-1 5374
-1 -1
5373 5377
-1 -1
5376 -1
5375 5380
-1 -1
5379 5383
-1 -1
5381 -1
5382 -1
5372 -1
5384 5390
-1 -1
5386 5389
-1 -1
5388 -1
5387 5392
-1 -1
5391 -1
5385 5408
-1 5396
-1 -1
5395 -1
5394 -1
5397 5399
-1 5400
-1 -1
5398 5404
-1 -1
5402 -1
5403 5405
-1 5407
-1 -1
5406 -1
5401 5411
-1 -1
5409 -1
5410 -1
5393 5414
-1 -1
5413 5415
-1 5419
-1 5417
-1 5418
-1 -1
5416 5420
-1 5421
-1 5431
-1 -1
5422 5425
-1 -1
5424 -1
5423 5428
-1 -1
5427 5429
-1 5430
-1 -1
5426 -1
5336 5454
-1 -1
5433 -1
5434 5436
-1 -1
5435 -1
5437 5439
-1 -1
5438 5445
-1 -1
5441 5443
-1 -1
5442 -1
5444 5453
-1 5447
-1 -1
5446 5452
-1 5450
-1 5451
-1 -1
5449 -1
5448 -1
5440 5470
-1 -1
5455 5459
-1 5458
-1 -1
5457 -1
5456 5464
-1 5462
-1 -1
5461 -1
5463 5465
-1 -1
5460 5469
-1 -1
5467 -1
5468 -1
5466 5474
-1 -1
5471 5473
-1 -1
5472 -1
4893 5508
-1 5477
-1 -1
5476 5480
-1 -1
5479 -1
5478 -1
5481 5507
-1 -1
5483 5486
-1 -1
5485 -1
5484 5491
-1 -1
5488 5490
-1 -1
5489 -1
5487 5499
-1 -1
5493 5498
-1 5496
-1 -1
5495 -1
5497 -1
5494 5500
-1 5502
-1 -1
5501 -1
5492 -1
5503 5506
-1 -1
5505 -1
5504 -1
5482 5778
-1 5510
-1 5512
-1 -1
5511 5514
-1 -1
5513 -1
5509 5517
-1 -1
5516 -1
5515 5576
-1 -1
5519 -1
5520 5526
-1 5523
-1 -1
5522 5525
-1 -1
5524 -1
5521 5528
-1 5531
-1 -1
5529 -1
5530 5532
-1 5534
-1 -1
5533 5536
-1 -1
5535 -1
5527 5546
-1 -1
5538 5544
-1 -1
5540 5543
-1 -1
5542 -1
5541 5545
-1 -1
5539 5549
-1 -1
5547 -1
5548 5569
-1 -1
5550 5552
-1 5553
-1 -1
5551 5558
-1 5556
-1 -1
5555 -1
5557 5561
-1 -1
5559 -1
5560 5567
-1 -1
5562 5565
-1 -1
5564 5566
-1 -1
5563 -1
5554 -1
5568 5575
-1 5571
-1 5572
-1 5573
-1 5574
-1 -1
5570 -1
5537 5666
-1 -1
5577 5579
-1 -1
5578 5581
-1 -1
5580 5584
-1 -1
5583 5588
-1 5586
-1 5587
-1 -1
5585 5589
-1 -1
5582 5594
-1 -1
5591 5593
-1 -1
5592 5598
-1 5596
-1 5597
-1 -1
5595 5601
-1 -1
5599 -1
5600 5602
-1 5603
-1 5604
-1 -1
5590 5606
-1 -1
5605 5610
-1 5609
-1 -1
5608 5613
-1 -1
5611 -1
5612 5637
-1 -1
5614 -1
5615 5619
-1 -1
5617 -1
5618 5620
-1 -1
5616 5623
-1 -1
5622 5624
-1 5627
-1 -1
5625 -1
5626 -1
5621 5631
-1 -1
5629 -1
5630 5634
-1 -1
5632 -1
5633 5636
-1 -1
5635 -1
5628 5638
-1 -1
5607 5645
-1 -1
5640 5643
-1 -1
5642 -1
5641 -1
5644 5649
-1 -1
5646 -1
5647 -1
5648 5652
-1 5651
-1 -1
5650 -1
5639 5664
-1 -1
5654 -1
5655 -1
5656 5658
-1 -1
5657 5660
-1 5661
-1 5663
-1 -1
5662 -1
5659 5665
-1 -1
5653 5722
-1 5668
-1 -1
5667 5708
-1 -1
5670 5673
-1 -1
5672 -1
5671 5690
-1 5676
-1 5678
-1 -1
5677 -1
5675 5682
-1 -1
5680 -1
5681 5684
-1 -1
5683 -1
5679 5688
-1 5687
-1 -1
5686 -1
5685 -1
5689 5693
-1 -1
5691 -1
5692 5695
-1 -1
5694 5696
-1 -1
5674 5703
-1 -1
5698 5702
-1 5701
-1 -1
5700 -1
5699 5705
-1 -1
5704 5707
-1 -1
5706 -1
5697 5716
-1 5712
-1 -1
5710 -1
5711 5714
-1 -1
5713 5715
-1 -1
5709 5720
-1 5718
-1 5719
-1 -1
5717 5721
-1 -1
5669 5766
-1 5727
-1 5726
-1 -1
5725 -1
5724 -1
5723 5743
-1 -1
5729 5731
-1 -1
5730 5733
-1 5735
-1 -1
5734 5737
-1 -1
5736 5738
-1 -1
5732 -1
5739 5742
-1 -1
5741 -1
5740 5745
-1 -1
5744 5746
-1 -1
5728 5756
-1 -1
5748 5751
-1 -1
5750 5752
-1 5753
-1 5755
-1 -1
5754 -1
5749 5764
-1 5760
-1 5759
-1 -1
5758 5761
-1 5763
-1 -1
5762 -1
5757 5765
-1 -1
5747 5771
-1 5768
-1 5769
-1 5770
-1 -1
5767 5774
-1 5773
-1 -1
5772 5775
-1 5776
-1 5777
-1 -1
5518 5782
-1 -1
5779 -1
5780 -1
5781 5786
-1 -1
5783 5785
-1 -1
5784 5830
-1 5788
-1 5789
-1 -1
5787 -1
5790 -1
5791 -1
5792 5801
-1 5796
-1 -1
5795 -1
5794 -1
5797 5799
-1 5800
-1 -1
5798 5802
-1 5809
-1 5805
-1 -1
5804 -1
5803 5808
-1 -1
5807 -1
5806 5810
-1 -1
5793 5822
-1 5818
-1 5814
-1 -1
5813 5817
-1 -1
5816 -1
5815 5820
-1 -1
5819 5821
-1 -1
5812 5828
-1 -1
5823 5826
-1 -1
5825 5827
-1 -1
5824 5829
-1 -1
5811 5832
-1 -1
5831 -1
5475 7473
-1 6858
-1 -1
5835 5862
-1 -1
5837 5842
-1 -1
5839 5841
-1 -1
5840 -1
5838 5844
-1 5845
-1 5846
-1 -1
5843 5859
-1 5849
-1 -1
5848 5851
-1 5852
-1 -1
5850 -1
5853 5858
-1 5857
-1 -1
5856 -1
5855 -1
5854 5860
-1 5861
-1 -1
5847 -1
5836 5904
-1 -1
5864 5866
-1 5867
-1 5869
-1 -1
5868 -1
5865 5874
-1 5872
-1 5873
-1 -1
5871 -1
5870 5876
-1 5878
-1 -1
5877 -1
5875 5880
-1 5884
-1 5882
-1 -1
5881 -1
5883 -1
5879 5890
-1 -1
5886 5888
-1 -1
5887 -1
5889 5903
-1 -1
5891 5895
-1 5894
-1 -1
5893 -1
5892 -1
5896 5899
-1 -1
5898 5902
-1 -1
5900 -1
5901 -1
5897 -1
5885 5914
-1 -1
5905 -1
5906 5908
-1 -1
5907 5910
-1 -1
5909 -1
5911 5913
-1 -1
5912 5924
-1 5922
-1 -1
5916 5918
-1 -1
5917 5921
-1 -1
5920 -1
5919 5923
-1 -1
5915 5926
-1 -1
5925 -1
5863 5932
-1 5929
-1 -1
5928 5931
-1 -1
5930 5935
-1 5934
-1 -1
5933 5942
-1 -1
5936 5939
-1 -1
5938 5940
-1 5941
-1 -1
5937 5949
-1 5944
-1 -1
5943 5948
-1 -1
5946 -1
5947 -1
5945 5963
-1 -1
5950 5952
-1 -1
5951 -1
5953 5959
-1 5956
-1 -1
5955 -1
5957 -1
5958 5960
-1 5962
-1 -1
5961 -1
5954 5969
-1 5966
-1 -1
5965 -1
5964 5968
-1 -1
5967 5970
-1 -1
5927 5982
-1 -1
5972 5974
-1 5977
-1 5976
-1 -1
5975 -1
5973 5979
-1 5980
-1 -1
5978 -1
5981 6059
-1 5984
-1 -1
5983 5986
-1 5988
-1 -1
5987 5989
-1 -1
5985 -1
5990 6040
-1 5994
-1 -1
5993 -1
5992 5996
-1 5998
-1 -1
5997 -1
5995 -1
5999 6006
-1 6002
-1 -1
6001 6005
-1 -1
6004 -1
6003 6007
-1 -1
6000 6016
-1 6011
-1 -1
6010 6012
-1 -1
6009 6014
-1 6015
-1 -1
6013 -1
6008 6024
-1 6019
-1 -1
6018 6022
-1 -1
6021 -1
6020 -1
6023 -1
6017 6026
-1 6027
-1 -1
6025 6038
-1 -1
6029 -1
6030 6032
-1 -1
6031 6034
-1 -1
6033 6036
-1 6037
-1 -1
6035 6039
-1 -1
6028 6047
-1 -1
6041 6044
-1 -1
6043 6046
-1 -1
6045 -1
6042 6055
-1 -1
6048 6051
-1 -1
6050 6054
-1 6053
-1 -1
6052 -1
6049 6057
-1 -1
6056 6058
-1 -1
5991 6134
-1 6065
-1 -1
6061 6064
-1 -1
6063 -1
6062 6066
-1 -1
6060 6072
-1 -1
6068 -1
6069 6071
-1 -1
6070 -1
6067 6119
-1 -1
6074 -1
6075 6077
-1 -1
6076 6079
-1 -1
6078 6089
-1 -1
6081 6088
-1 6084
-1 -1
6083 -1
6085 -1
6086 -1
6087 -1
6082 6095
-1 -1
6090 -1
6091 6093
-1 -1
6092 -1
6094 -1
6080 6115
-1 6098
-1 6113
-1 6101
-1 -1
6100 6105
-1 6104
-1 -1
6103 -1
6102 6106
-1 -1
6099 6112
-1 6109
-1 6110
-1 6111
-1 -1
6108 -1
6107 6114
-1 -1
6097 6117
-1 -1
6116 6118
-1 -1
6096 6120
-1 6131
-1 -1
6121 -1
6122 6124
-1 -1
6123 6127
-1 -1
6126 6128
-1 -1
6125 -1
6129 -1
6130 6133
-1 -1
6132 -1
6073 6140
-1 -1
6135 6139
-1 6138
-1 -1
6137 -1
6136 6141
-1 -1
5971 6375
-1 -1
6143 -1
6144 6146
-1 6147
-1 -1
6145 6154
-1 -1
6149 -1
6150 6153
-1 -1
6152 -1
6151 6156
-1 -1
6155 -1
6148 6159
-1 -1
6158 6161
-1 -1
6160 6162
-1 -1
6157 6221
-1 6166
-1 -1
6165 -1
6164 6182
-1 -1
6168 6173
-1 -1
6170 -1
6171 -1
6172 -1
6169 6176
-1 -1
6175 6177
-1 -1
6174 6179
-1 6180
-1 -1
6178 -1
6181 6204
-1 6185
-1 -1
6184 6188
-1 -1
6186 -1
6187 -1
6183 -1
6189 6198
-1 -1
6191 6196
-1 -1
6193 -1
6194 -1
6195 -1
6192 -1
6197 6200
-1 -1
6199 6201
-1 6202
-1 6203
-1 -1
6190 6206
-1 -1
6205 6217
-1 6210
-1 6209
-1 -1
6208 -1
6207 6215
-1 -1
6212 6214
-1 -1
6213 6216
-1 -1
6211 6219
-1 -1
6218 6220
-1 -1
6167 6240
-1 6229
-1 -1
6223 6226
-1 -1
6225 6227
-1 6228
-1 -1
6224 -1
6222 6232
-1 -1
6231 6235
-1 -1
6233 -1
6234 6236
-1 6237
-1 6238
-1 -1
6230 -1
6239 6243
-1 -1
6241 -1
6242 6246
-1 -1
6244 -1
6245 -1
6163 6262
-1 6254
-1 6252
-1 -1
6250 -1
6251 6253
-1 -1
6249 -1
6248 6261
-1 6258
-1 -1
6257 6259
-1 -1
6256 -1
6260 -1
6255 6275
-1 -1
6263 -1
6264 6266
-1 6267
-1 -1
6265 6271
-1 -1
6269 -1
6270 6272
-1 -1
6268 6274
-1 -1
6273 6283
-1 -1
6276 6282
-1 6279
-1 6280
-1 -1
6278 -1
6281 -1
6277 6288
-1 6286
-1 -1
6285 6287
-1 -1
6284 6290
-1 -1
6289 6291
-1 6303
-1 6298
-1 -1
6293 -1
6294 6296
-1 6297
-1 -1
6295 6302
-1 6301
-1 -1
6300 -1
6299 -1
6292 6304
-1 -1
6247 6346
-1 -1
6306 6309
-1 -1
6308 6311
-1 -1
6310 6312
-1 -1
6307 6334
-1 -1
6314 6329
-1 -1
6316 6319
-1 -1
6318 6321
-1 -1
6320 6326
-1 -1
6322 -1
6323 6325
-1 -1
6324 -1
6317 6328
-1 -1
6327 6332
-1 6331
-1 -1
6330 -1
6315 -1
6333 6337
-1 6336
-1 -1
6335 6342
-1 6339
-1 6340
-1 6341
-1 -1
6338 6345
-1 6344
-1 -1
6343 -1
6313 6371
-1 -1
6347 -1
6348 6362
-1 6351
-1 6352
-1 -1
6350 6361
-1 6355
-1 6356
-1 6357
-1 -1
6354 -1
6358 6360
-1 -1
6359 -1
6353 6364
-1 -1
6363 6370
-1 -1
6365 -1
6366 6368
-1 6369
-1 -1
6367 -1
6349 6374
-1 6373
-1 -1
6372 -1
6305 6401
-1 -1
6376 -1
6377 6381
-1 6380
-1 -1
6379 -1
6378 -1
6382 6384
-1 6386
-1 -1
6385 -1
6383 6392
-1 6390
-1 -1
6389 -1
6388 -1
6391 6393
-1 6394
-1 6395
-1 -1
6387 6398
-1 -1
6397 6399
-1 6400
-1 -1
6396 6526
-1 -1
6402 -1
6403 6406
-1 -1
6405 6407
-1 6409
-1 -1
6408 6410
-1 -1
6404 6413
-1 -1
6412 6414
-1 -1
6411 6416
-1 -1
6415 6465
-1 -1
6418 6420
-1 -1
6419 -1
6421 -1
6422 6435
-1 -1
6424 -1
6425 -1
6426 6429
-1 -1
6428 6430
-1 6431
-1 -1
6427 6433
-1 6434
-1 -1
6432 6446
-1 -1
6436 6444
-1 6440
-1 -1
6439 6441
-1 -1
6438 6443
-1 -1
6442 6445
-1 -1
6437 6463
-1 6462
-1 -1
6448 -1
6449 -1
6450 -1
6451 6455
-1 6454
-1 -1
6453 6456
-1 -1
6452 6458
-1 6459
-1 6460
-1 6461
-1 -1
6457 -1
6447 6464
-1 -1
6423 6475
-1 6469
-1 -1
6467 -1
6468 6470
-1 -1
6466 6472
-1 6474
-1 -1
6473 -1
6471 6477
-1 -1
6476 6479
-1 -1
6478 -1
6417 6491
-1 6482
-1 -1
6481 6490
-1 -1
6484 6486
-1 6488
-1 -1
6487 6489
-1 -1
6485 -1
6483 6519
-1 6493
-1 -1
6492 6500
-1 6496
-1 6497
-1 -1
6495 6499
-1 -1
6498 6501
-1 -1
6494 6515
-1 -1
6503 -1
6504 6507
-1 -1
6506 6508
-1 6509
-1 -1
6505 6513
-1 -1
6511 -1
6512 6514
-1 -1
6510 6518
-1 -1
6516 -1
6517 -1
6502 6523
-1 -1
6520 6522
-1 -1
6521 6525
-1 -1
6524 -1
6480 6702
-1 6529
-1 -1
6528 -1
6527 -1
6530 6532
-1 6534
-1 -1
6533 6535
-1 -1
6531 6572
-1 -1
6537 -1
6538 6540
-1 -1
6539 6546
-1 6544
-1 -1
6543 -1
6542 -1
6545 6547
-1 6556
-1 -1
6548 6550
-1 -1
6549 6552
-1 -1
6551 6555
-1 -1
6554 -1
6553 6559
-1 -1
6557 -1
6558 6561
-1 -1
6560 6562
-1 6566
-1 -1
6563 6565
-1 -1
6564 6567
-1 6568
-1 -1
6541 6571
-1 -1
6570 -1
6569 6584
-1 -1
6573 -1
6574 6576
-1 -1
6575 6579
-1 -1
6578 6583
-1 -1
6580 6582
-1 -1
6581 -1
6577 6589
-1 6587
-1 -1
6586 6588
-1 -1
6585 6640
-1 -1
6590 6594
-1 6593
-1 -1
6592 6596
-1 -1
6595 -1
6591 6598
-1 6599
-1 -1
6597 6608
-1 -1
6601 6606
-1 -1
6603 6605
-1 -1
6604 -1
6602 -1
6607 6611
-1 -1
6609 -1
6610 -1
6600 6616
-1 6614
-1 -1
6613 -1
6615 6621
-1 -1
6617 -1
6618 6620
-1 -1
6619 6634
-1 -1
6622 -1
6623 6625
-1 -1
6624 6631
-1 -1
6627 6630
-1 -1
6629 -1
6628 6632
-1 6633
-1 -1
6626 6639
-1 -1
6635 -1
6636 6638
-1 -1
6637 -1
6612 6641
-1 6643
-1 -1
6642 -1
6536 6682
-1 -1
6645 6661
-1 -1
6647 6649
-1 6650
-1 -1
6648 6653
-1 -1
6652 -1
6651 6656
-1 -1
6655 -1
6654 6659
-1 -1
6658 6660
-1 -1
6657 6663
-1 -1
6662 6664
-1 6677
-1 -1
6665 -1
6666 6669
-1 -1
6668 6670
-1 6676
-1 6674
-1 -1
6672 -1
6673 6675
-1 -1
6671 -1
6667 6678
-1 6681
-1 6680
-1 -1
6679 -1
6646 6690
-1 6687
-1 6685
-1 -1
6684 -1
6686 6688
-1 -1
6683 -1
6689 6700
-1 6692
-1 -1
6691 6699
-1 -1
6694 -1
6695 6698
-1 -1
6697 -1
6696 -1
6693 6701
-1 -1
6644 6765
-1 -1
6703 -1
6704 -1
6705 6714
-1 6708
-1 6710
-1 -1
6709 -1
6707 6712
-1 -1
6711 -1
6713 6716
-1 -1
6715 -1
6706 6738
-1 -1
6718 6728
-1 -1
6720 6722
-1 6725
-1 6724
-1 -1
6723 6726
-1 6727
-1 -1
6721 6729
-1 -1
6719 6736
-1 -1
6731 -1
6732 6735
-1 -1
6734 -1
6733 6737
-1 -1
6730 6739
-1 -1
6717 6745
-1 6742
-1 -1
6741 6744
-1 -1
6743 6763
-1 -1
6746 6750
-1 6749
-1 -1
6748 -1
6747 6754
-1 -1
6752 -1
6753 6755
-1 6756
-1 -1
6751 6758
-1 6759
-1 6762
-1 -1
6760 -1
6761 -1
6757 6764
-1 -1
6740 6771
-1 6767
-1 -1
6766 6770
-1 -1
6769 -1
6768 6776
-1 6775
-1 -1
6773 -1
6774 -1
6772 -1
6142 6824
-1 -1
6778 -1
6779 6781
-1 -1
6780 6783
-1 -1
6782 6793
-1 6790
-1 -1
6786 -1
6787 6789
-1 -1
6788 6792
-1 -1
6791 -1
6785 6794
-1 6795
-1 -1
6784 6799
-1 -1
6797 -1
6798 -1
6796 6805
-1 6802
-1 -1
6801 6804
-1 -1
6803 6806
-1 6807
-1 -1
6800 6816
-1 -1
6809 -1
6810 6814
-1 6813
-1 -1
6812 6815
-1 -1
6811 6817
-1 6822
-1 6819
-1 6820
-1 -1
6818 -1
6821 6823
-1 -1
6808 6827
-1 -1
6825 -1
6826 6839
-1 -1
6828 6831
-1 -1
6830 6832
-1 -1
6829 6837
-1 6835
-1 6836
-1 -1
6834 6838
-1 -1
6833 6845
-1 -1
6840 -1
6841 6844
-1 -1
6843 -1
6842 6855
-1 -1
6846 -1
6847 6849
-1 -1
6848 6851
-1 6853
-1 -1
6852 -1
6850 -1
6854 6857
-1 -1
6856 -1
6777 7054
-1 -1
6859 -1
6860 -1
6861 6866
-1 -1
6863 -1
6864 -1
6865 6870
-1 6869
-1 -1
6868 -1
6867 6872
-1 -1
6871 6873
-1 -1
6862 6876
-1 -1
6875 -1
6874 6898
-1 -1
6878 6882
-1 6881
-1 -1
6880 -1
6879 6885
-1 -1
6884 6890
-1 6887
-1 -1
6886 6889
-1 -1
6888 6892
-1 -1
6891 6894
-1 -1
6893 6896
-1 -1
6895 6897
-1 -1
6883 6899
-1 6900
-1 -1
6877 -1
6901 7001
-1 6904
-1 6906
-1 -1
6905 -1
6903 6920
-1 -1
6908 6917
-1 6911
-1 6914
-1 6913
-1 -1
6912 6915
-1 -1
6910 -1
6916 6919
-1 -1
6918 -1
6909 6921
-1 6922
-1 -1
6907 6952
-1 -1
6924 -1
6925 6927
-1 -1
6926 6931
-1 -1
6929 -1
6930 -1
6928 6934
-1 -1
6933 -1
6932 6937
-1 -1
6936 6939
-1 -1
6938 -1
6935 6943
-1 6942
-1 -1
6941 -1
6940 6945
-1 6951
-1 -1
6946 -1
6947 6950
-1 -1
6949 -1
6948 -1
6944 6958
-1 -1
6953 6956
-1 -1
6955 6957
-1 -1
6954 6971
-1 6961
-1 -1
6960 -1
6959 -1
6962 -1
6963 6967
-1 6966
-1 -1
6965 6970
-1 -1
6968 -1
6969 -1
6964 6997
-1 -1
6972 6974
-1 -1
6973 -1
6975 -1
6976 6979
-1 -1
6978 -1
6977 6987
-1 6984
-1 6983
-1 -1
6982 6986
-1 -1
6985 -1
6981 6988
-1 6994
-1 6990
-1 6991
-1 -1
6989 6993
-1 -1
6992 6996
-1 -1
6995 -1
6980 6998
-1 6999
-1 7000
-1 -1
6923 7039
-1 -1
7002 -1
7003 7005
-1 -1
7004 7008
-1 -1
7007 7009
-1 -1
7006 7024
-1 -1
7011 7013
-1 7014
-1 7018
-1 -1
7015 7017
-1 -1
7016 7020
-1 -1
7019 7022
-1 -1
7021 7023
-1 -1
7012 7038
-1 7036
-1 7030
-1 7028
-1 7029
-1 -1
7027 -1
7026 7034
-1 -1
7032 -1
7033 7035
-1 -1
7031 7037
-1 -1
7025 -1
7010 7052
-1 7042
-1 -1
7041 7043
-1 7044
-1 7048
-1 -1
7045 7047
-1 -1
7046 7049
-1 -1
7040 7051
-1 -1
7050 7053
-1 -1
6902 7120
-1 -1
7055 7089
-1 -1
7057 7060
-1 -1
7059 7061
-1 -1
7058 7063
-1 7066
-1 7065
-1 -1
7064 7068
-1 -1
7067 7069
-1 -1
7062 7073
-1 -1
7071 -1
7072 7082
-1 7076
-1 -1
7075 -1
7074 7078
-1 -1
7077 -1
7079 7081
-1 -1
7080 7085
-1 7084
-1 -1
7083 7088
-1 7087
-1 -1
7086 -1
7070 7092
-1 -1
7090 -1
7091 7107
-1 -1
7093 7095
-1 7097
-1 -1
7096 7098
-1 7099
-1 -1
7094 7104
-1 7102
-1 7103
-1 -1
7101 7105
-1 7106
-1 -1
7100 7112
-1 7110
-1 -1
7109 7111
-1 -1
7108 7118
-1 7114
-1 -1
7113 7116
-1 7117
-1 -1
7115 7119
-1 -1
7056 7126
-1 -1
7121 7123
-1 -1
7122 7125
-1 -1
7124 7192
-1 -1
7127 7131
-1 -1
7129 -1
7130 7132
-1 7137
-1 7134
-1 7136
-1 -1
7135 -1
7133 -1
7128 7139
-1 -1
7138 7177
-1 -1
7141 7149
-1 7146
-1 -1
7144 -1
7145 7147
-1 7148
-1 -1
7143 7150
-1 7151
-1 -1
7142 7154
-1 -1
7153 7155
-1 7156
-1 -1
7152 7171
-1 7159
-1 7160
-1 -1
7158 -1
7161 7163
-1 7165
-1 -1
7164 7166
-1 7170
-1 7168
-1 7169
-1 -1
7167 -1
7162 7172
-1 7176
-1 -1
7173 -1
7174 -1
7175 -1
7157 7182
-1 -1
7178 7180
-1 -1
7179 -1
7181 7185
-1 -1
7183 -1
7184 7186
-1 7191
-1 -1
7187 7189
-1 -1
7188 -1
7190 -1
7140 7197
-1 -1
7193 7196
-1 -1
7195 -1
7194 -1
5834 7324
-1 -1
7199 7203
-1 7202
-1 -1
7201 -1
7200 -1
7204 7207
-1 -1
7206 7209
-1 -1
7208 7210
-1 -1
7205 7246
-1 -1
7212 7214
-1 -1
7213 7216
-1 7224
-1 -1
7217 -1
7218 7221
-1 -1
7220 7223
-1 -1
7222 -1
7219 7225
-1 -1
7215 7230
-1 -1
7227 -1
7228 -1
7229 7237
-1 7233
-1 -1
7232 -1
7231 7235
-1 7236
-1 -1
7234 7241
-1 -1
7238 -1
7239 -1
7240 7242
-1 7244
-1 -1
7243 7245
-1 -1
7226 7263
-1 -1
7247 -1
7248 7251
-1 -1
7250 7252
-1 -1
7249 7259
-1 -1
7254 7256
-1 -1
7255 -1
7257 -1
7258 7262
-1 -1
7260 -1
7261 -1
7253 7281
-1 7265
-1 -1
7264 7268
-1 -1
7267 -1
7266 7270
-1 -1
7269 7277
-1 7273
-1 7275
-1 -1
7274 7276
-1 -1
7272 7280
-1 -1
7278 -1
7279 -1
7271 -1
7211 7286
-1 7284
-1 -1
7283 -1
7285 7287
-1 7322
-1 7290
-1 -1
7289 7292
-1 -1
7291 -1
7288 7297
-1 -1
7294 7296
-1 -1
7295 7298
-1 -1
7293 7305
-1 7302
-1 -1
7301 7303
-1 -1
7300 -1
7304 7308
-1 7307
-1 -1
7306 7312
-1 -1
7309 7311
-1 -1
7310 7317
-1 -1
7313 7315
-1 7316
-1 -1
7314 -1
7299 -1
7318 7320
-1 7321
-1 -1
7319 7323
-1 -1
7282 7341
-1 7326
-1 -1
7325 7336
-1 -1
7328 7335
-1 7331
-1 -1
7330 7333
-1 7334
-1 -1
7332 -1
7329 7338
-1 -1
7337 7339
-1 7340
-1 -1
7327 7469
-1 -1
7342 -1
7343 7352
-1 7349
-1 7347
-1 -1
7346 -1
7348 7351
-1 -1
7350 -1
7345 -1
7344 -1
7353 7359
-1 -1
7355 7358
-1 -1
7357 -1
7356 7371
-1 7361
-1 -1
7360 7366
-1 7365
-1 -1
7364 -1
7363 7367
-1 7368
-1 7370
-1 -1
7369 -1
7362 7374
-1 7373
-1 -1
7372 7375
-1 -1
7354 -1
7376 7387
-1 7379
-1 -1
7378 7383
-1 7382
-1 -1
7381 -1
7380 7386
-1 -1
7385 -1
7384 7390
-1 -1
7388 -1
7389 -1
7377 7463
-1 7393
-1 -1
7392 7395
-1 -1
7394 7397
-1 7398
-1 -1
7396 7400
-1 -1
7399 7415
-1 7403
-1 7406
-1 -1
7404 -1
7405 7407
-1 7408
-1 -1
7402 -1
7409 7411
-1 7412
-1 -1
7410 7414
-1 -1
7413 7422
-1 7417
-1 -1
7416 7421
-1 -1
7419 -1
7420 -1
7418 7423
-1 7430
-1 7427
-1 -1
7425 -1
7426 -1
7424 7429
-1 -1
7428 7432
-1 -1
7431 7433
-1 -1
7401 7446
-1 7436
-1 7437
-1 -1
7435 7441
-1 7440
-1 -1
7439 -1
7438 7444
-1 -1
7443 7445
-1 -1
7442 7453
-1 7448
-1 7449
-1 -1
7447 -1
7450 7452
-1 -1
7451 7459
-1 -1
7454 7456
-1 -1
7455 7458
-1 -1
7457 7461
-1 -1
7460 7462
-1 -1
7434 7464
-1 7468
-1 7466
-1 7467
-1 -1
7465 -1
7391 7471
-1 -1
7470 7472
-1 -1
7198 7718
-1 7475
-1 -1
7474 7477
-1 7478
-1 -1
7476 7480
-1 -1
7479 7485
-1 7484
-1 -1
7483 -1
7482 -1
7481 7489
-1 -1
7487 -1
7488 7490
-1 -1
7486 7503
-1 7493
-1 -1
7492 -1
7494 7496
-1 -1
7495 7500
-1 7499
-1 -1
7498 7502
-1 -1
7501 -1
7497 7507
-1 -1
7504 -1
7505 -1
7506 -1
7491 7516
-1 -1
7509 -1
7510 7512
-1 -1
7511 7514
-1 -1
7513 -1
7515 7520
-1 7518
-1 -1
7517 -1
7519 7527
-1 -1
7521 -1
7522 -1
7523 7526
-1 -1
7525 -1
7524 7528
-1 -1
7508 7609
-1 7534
-1 -1
7531 7533
-1 -1
7532 -1
7530 7563
-1 -1
7536 -1
7537 7541
-1 7540
-1 -1
7539 7542
-1 7543
-1 7544
-1 -1
7538 7547
-1 -1
7546 -1
7545 7554
-1 7550
-1 -1
7549 7553
-1 -1
7552 -1
7551 7558
-1 7556
-1 7557
-1 -1
7555 -1
7548 7560
-1 7562
-1 -1
7561 -1
7559 7564
-1 7565
-1 -1
7535 7582
-1 -1
7567 7570
-1 -1
7569 7572
-1 -1
7571 7573
-1 -1
7568 7575
-1 -1
7574 -1
7576 7580
-1 -1
7578 -1
7579 7581
-1 -1
7577 7585
-1 7584
-1 -1
7583 -1
7566 7587
-1 7597
-1 7589
-1 -1
7588 -1
7590 7592
-1 -1
7591 7595
-1 -1
7594 7596
-1 -1
7593 7603
-1 7600
-1 -1
7599 7602
-1 -1
7601 -1
7598 7608
-1 -1
7604 7606
-1 7607
-1 -1
7605 -1
7586 7611
-1 -1
7610 -1
7529 7628
-1 7616
-1 7615
-1 -1
7614 -1
7613 7622
-1 7619
-1 -1
7618 -1
7620 -1
7621 7625
-1 7624
-1 -1
7623 7627
-1 -1
7626 -1
7617 7629
-1 -1
7612 7668
-1 7641
-1 7633
-1 -1
7632 7636
-1 -1
7635 -1
7634 7639
-1 -1
7638 7640
-1 -1
7637 -1
7631 7645
-1 7644
-1 -1
7643 7646
-1 -1
7642 7652
-1 7650
-1 -1
7649 7651
-1 -1
7648 7653
-1 7655
-1 -1
7654 -1
7647 7663
-1 7659
-1 -1
7658 7662
-1 -1
7660 -1
7661 -1
7657 7664
-1 7667
-1 7666
-1 -1
7665 -1
7656 7702
-1 -1
7669 -1
7670 7692
-1 7673
-1 -1
7672 7676
-1 -1
7675 -1
7674 7678
-1 -1
7677 -1
7679 7690
-1 7687
-1 -1
7682 7684
-1 -1
7683 7686
-1 -1
7685 7688
-1 7689
-1 -1
7681 7691
-1 -1
7680 7697
-1 -1
7693 7696
-1 -1
7695 -1
7694 7699
-1 -1
7698 7701
-1 -1
7700 -1
7671 7706
-1 -1
7703 -1
7704 -1
7705 7712
-1 -1
7707 -1
7708 -1
7709 7711
-1 -1
7710 7713
-1 7717
-1 7716
-1 -1
7715 -1
7714 -1
7630 9103
-1 7722
-1 7721
-1 -1
7720 7723
-1 7725
-1 -1
7724 -1
7719 7733
-1 7729
-1 -1
7728 -1
7727 7732
-1 -1
7731 -1
7730 7734
-1 -1
7726 7744
-1 7740
-1 -1
7737 -1
7738 -1
7739 7743
-1 -1
7741 -1
7742 -1
7736 7758
-1 -1
7745 -1
7746 7753
-1 -1
7748 7750
-1 -1
7749 7752
-1 -1
7751 7756
-1 7755
-1 -1
7754 -1
7747 -1
7757 7759
-1 7760
-1 7761
-1 -1
7735 7789
-1 7766
-1 7765
-1 -1
7764 7767
-1 7768
-1 -1
7763 7773
-1 -1
7770 -1
7771 -1
7772 7784
-1 7779
-1 -1
7775 7778
-1 -1
7777 -1
7776 7783
-1 -1
7780 7782
-1 -1
7781 -1
7774 7786
-1 -1
7785 7787
-1 7788
-1 -1
7769 7802
-1 7792
-1 -1
7791 -1
7790 7796
-1 7795
-1 -1
7794 7798
-1 -1
7797 -1
7793 -1
7799 -1
7800 -1
7801 7804
-1 -1
7803 7814
-1 -1
7805 7807
-1 7808
-1 -1
7806 7811
-1 -1
7810 7813
-1 -1
7812 -1
7809 7830
-1 7817
-1 -1
7816 -1
7815 -1
7818 -1
7819 7823
-1 7822
-1 -1
7821 7828
-1 -1
7824 -1
7825 7827
-1 -1
7826 7829
-1 -1
7820 -1
7762 8104
-1 -1
7832 7837
-1 7836
-1 -1
7835 -1
7834 -1
7833 -1
7838 7859
-1 -1
7840 7844
-1 7843
-1 -1
7842 7846
-1 -1
7845 -1
7841 7848
-1 -1
7847 7857
-1 7854
-1 -1
7851 -1
7852 -1
7853 7855
-1 7856
-1 -1
7850 7858
-1 -1
7849 7860
-1 7861
-1 -1
7839 7894
-1 7866
-1 7865
-1 -1
7864 -1
7863 7870
-1 7869
-1 -1
7868 -1
7867 7872
-1 -1
7871 7877
-1 -1
7874 7876
-1 -1
7875 7879
-1 -1
7878 7887
-1 7881
-1 7882
-1 -1
7880 7885
-1 -1
7884 7886
-1 -1
7883 -1
7873 7889
-1 7891
-1 -1
7890 7893
-1 -1
7892 -1
7888 7923
-1 -1
7895 7897
-1 -1
7896 7899
-1 7902
-1 -1
7900 -1
7901 -1
7898 7921
-1 -1
7904 7907
-1 -1
7906 -1
7905 7913
-1 -1
7909 -1
7910 7912
-1 -1
7911 7915
-1 -1
7914 -1
7908 7919
-1 7918
-1 -1
7917 7920
-1 -1
7916 7922
-1 -1
7903 7925
-1 -1
7924 7926
-1 7929
-1 7928
-1 -1
7927 -1
7862 7934
-1 -1
7931 -1
7932 -1
7933 7941
-1 -1
7935 7937
-1 -1
7936 7940
-1 -1
7939 -1
7938 7942
-1 -1
7930 7946
-1 -1
7944 -1
7945 7953
-1 7950
-1 -1
7948 -1
7949 7951
-1 7952
-1 -1
7947 7969
-1 7955
-1 -1
7954 7967
-1 -1
7957 -1
7958 7964
-1 7961
-1 -1
7960 7963
-1 -1
7962 7965
-1 7966
-1 -1
7959 7968
-1 -1
7956 7970
-1 7974
-1 7972
-1 -1
7971 -1
7973 7976
-1 -1
7975 -1
7943 7997
-1 7979
-1 -1
7978 -1
7980 7990
-1 -1
7982 -1
7983 7988
-1 7986
-1 7987
-1 -1
7985 7989
-1 -1
7984 7992
-1 -1
7991 7994
-1 -1
7993 7996
-1 -1
7995 -1
7981 8032
-1 -1
7998 -1
7999 8001
-1 -1
8000 8005
-1 -1
8003 -1
8004 8006
-1 8007
-1 8008
-1 -1
8002 8014
-1 8012
-1 -1
8011 -1
8010 -1
8013 -1
8009 8026
-1 8017
-1 -1
8016 -1
8018 8020
-1 8021
-1 8022
-1 -1
8019 8024
-1 -1
8023 -1
8025 8027
-1 8030
-1 -1
8028 -1
8029 8031
-1 -1
8015 8041
-1 -1
8033 8038
-1 -1
8035 -1
8036 -1
8037 -1
8034 8040
-1 -1
8039 8042
-1 8043
-1 -1
7977 8093
-1 8046
-1 -1
8045 8063
-1 -1
8048 8051
-1 -1
8050 -1
8049 8053
-1 -1
8052 -1
8054 8060
-1 8057
-1 -1
8056 8059
-1 -1
8058 8062
-1 -1
8061 -1
8055 8064
-1 8068
-1 -1
8065 8067
-1 -1
8066 -1
8047 8070
-1 8071
-1 -1
8069 8081
-1 8077
-1 8075
-1 -1
8074 -1
8076 8078
-1 -1
8073 8080
-1 -1
8079 8085
-1 8083
-1 8084
-1 -1
8082 8086
-1 8089
-1 8088
-1 -1
8087 -1
8072 8092
-1 -1
8091 -1
8090 8094
-1 8095
-1 8096
-1 8101
-1 -1
8097 -1
8098 -1
8099 -1
8100 8103
-1 -1
8102 -1
8044 8161
-1 8107
-1 -1
8106 -1
8105 8146
-1 8110
-1 -1
8109 8118
-1 -1
8112 8116
-1 8115
-1 -1
8114 8117
-1 -1
8113 -1
8111 8120
-1 8122
-1 -1
8121 8123
-1 -1
8119 8127
-1 -1
8125 -1
8126 8129
-1 -1
8128 -1
8124 8144
-1 8132
-1 -1
8131 8135
-1 -1
8134 -1
8133 8137
-1 8139
-1 -1
8138 8140
-1 8141
-1 -1
8136 8143
-1 -1
8142 8145
-1 -1
8130 8148
-1 -1
8147 8157
-1 -1
8149 8151
-1 -1
8150 8153
-1 8155
-1 -1
8154 -1
8152 -1
8156 8160
-1 -1
8158 -1
8159 -1
8108 8165
-1 -1
8162 8164
-1 -1
8163 8166
-1 -1
7831 8242
-1 8170
-1 -1
8169 -1
8168 8172
-1 -1
8171 8175
-1 -1
8174 8176
-1 8179
-1 8178
-1 -1
8177 8183
-1 -1
8180 8182
-1 -1
8181 8190
-1 -1
8184 8186
-1 8189
-1 8188
-1 -1
8187 -1
8185 8195
-1 8192
-1 8193
-1 8194
-1 -1
8191 8196
-1 8197
-1 -1
8173 8200
-1 -1
8199 -1
8198 8202
-1 -1
8201 8217
-1 8206
-1 -1
8205 8207
-1 8208
-1 8210
-1 -1
8209 8211
-1 -1
8204 8216
-1 -1
8213 -1
8214 -1
8215 -1
8212 8218
-1 8236
-1 -1
8219 8228
-1 8222
-1 -1
8221 8224
-1 8225
-1 -1
8223 8227
-1 -1
8226 8230
-1 -1
8229 8232
-1 -1
8231 8233
-1 -1
8220 8235
-1 -1
8234 8240
-1 -1
8237 8239
-1 -1
8238 8241
-1 -1
8203 8259
-1 -1
8243 8247
-1 -1
8245 -1
8246 -1
8244 8252
-1 -1
8249 -1
8250 -1
8251 8254
-1 -1
8253 8257
-1 -1
8255 -1
8256 8258
-1 -1
8248 8273
-1 8261
-1 -1
8260 8264
-1 -1
8263 8268
-1 -1
8265 -1
8266 -1
8267 8271
-1 8270
-1 -1
8269 8272
-1 -1
8262 8275
-1 -1
8274 8286
-1 -1
8276 8278
-1 8280
-1 -1
8279 8281
-1 -1
8277 8284
-1 -1
8283 8285
-1 -1
8282 8294
-1 8288
-1 -1
8287 8291
-1 -1
8290 -1
8289 8293
-1 -1
8292 8323
-1 -1
8295 8303
-1 8299
-1 -1
8298 8302
-1 -1
8300 -1
8301 -1
8297 8306
-1 8305
-1 -1
8304 8307
-1 -1
8296 8309
-1 -1
8308 8311
-1 8312
-1 8316
-1 -1
8313 -1
8314 -1
8315 -1
8310 8320
-1 8319
-1 -1
8318 8321
-1 8322
-1 -1
8317 8327
-1 -1
8324 -1
8325 -1
8326 8331
-1 -1
8328 8330
-1 -1
8329 -1
8167 8402
-1 -1
8333 8338
-1 8337
-1 -1
8336 -1
8335 8341
-1 -1
8339 -1
8340 8342
-1 -1
8334 8345
-1 -1
8344 -1
8343 8347
-1 -1
8346 8354
-1 -1
8349 8353
-1 8352
-1 -1
8351 -1
8350 8355
-1 -1
8348 8401
-1 -1
8357 -1
8358 -1
8359 8363
-1 8362
-1 -1
8361 -1
8360 8365
-1 -1
8364 8394
-1 8387
-1 -1
8368 -1
8369 -1
8370 8372
-1 8373
-1 -1
8371 -1
8374 8385
-1 -1
8376 8379
-1 -1
8378 8380
-1 -1
8377 8382
-1 8384
-1 -1
8383 -1
8381 8386
-1 -1
8375 8390
-1 -1
8388 -1
8389 8391
-1 8392
-1 -1
8367 -1
8393 8397
-1 -1
8395 -1
8396 8398
-1 8399
-1 8400
-1 -1
8366 -1
8356 8488
-1 -1
8403 8406
-1 -1
8405 8408
-1 -1
8407 -1
8404 8417
-1 8411
-1 -1
8410 8413
-1 -1
8412 8415
-1 -1
8414 -1
8416 8418
-1 8420
-1 -1
8419 8422
-1 -1
8421 -1
8409 8426
-1 -1
8424 -1
8425 8446
-1 -1
8427 8430
-1 -1
8429 8432
-1 -1
8431 -1
8428 8435
-1 -1
8434 8439
-1 8437
-1 -1
8436 -1
8438 8441
-1 -1
8440 -1
8433 8444
-1 -1
8443 8445
-1 -1
8442 8461
-1 -1
8447 -1
8448 8450
-1 8451
-1 8453
-1 -1
8452 8454
-1 -1
8449 8456
-1 8460
-1 -1
8457 -1
8458 -1
8459 -1
8455 8464
-1 8463
-1 -1
8462 -1
8423 8479
-1 -1
8466 8471
-1 -1
8468 8470
-1 -1
8469 8475
-1 8473
-1 8474
-1 -1
8472 -1
8467 8477
-1 8478
-1 -1
8476 8487
-1 8486
-1 8485
-1 -1
8482 8484
-1 -1
8483 -1
8481 -1
8480 -1
8465 9053
-1 -1
8489 -1
8490 8492
-1 -1
8491 8653
-1 8495
-1 -1
8494 -1
8496 8498
-1 -1
8497 -1
8499 8501
-1 8502
-1 -1
8500 8511
-1 -1
8504 8509
-1 -1
8506 -1
8507 -1
8508 8510
-1 -1
8505 8512
-1 8514
-1 -1
8513 8515
-1 -1
8503 8525
-1 -1
8517 -1
8518 8522
-1 -1
8520 -1
8521 8524
-1 -1
8523 -1
8519 8527
-1 -1
8526 8528
-1 -1
8516 8588
-1 -1
8530 8532
-1 -1
8531 -1
8533 8536
-1 -1
8535 8549
-1 -1
8537 8543
-1 -1
8539 -1
8540 8542
-1 -1
8541 8546
-1 -1
8544 -1
8545 8547
-1 8548
-1 -1
8538 8559
-1 -1
8550 8554
-1 -1
8552 -1
8553 8557
-1 8556
-1 -1
8555 8558
-1 -1
8551 8571
-1 -1
8560 -1
8561 8563
-1 -1
8562 8566
-1 -1
8565 8567
-1 8568
-1 8569
-1 8570
-1 -1
8564 8577
-1 8573
-1 8574
-1 -1
8572 8576
-1 -1
8575 8579
-1 -1
8578 8581
-1 -1
8580 8585
-1 -1
8582 8584
-1 -1
8583 8587
-1 -1
8586 -1
8534 8593
-1 8590
-1 8592
-1 -1
8591 -1
8589 8596
-1 -1
8594 -1
8595 -1
8529 8645
-1 -1
8598 8605
-1 -1
8600 8602
-1 8604
-1 -1
8603 -1
8601 8607
-1 -1
8606 -1
8599 8613
-1 -1
8609 -1
8610 8612
-1 -1
8611 -1
8608 8629
-1 -1
8615 -1
8616 8618
-1 -1
8617 8622
-1 8621
-1 -1
8620 8625
-1 -1
8623 -1
8624 8627
-1 -1
8626 -1
8619 -1
8628 8642
-1 -1
8630 -1
8631 8638
-1 -1
8633 8636
-1 -1
8635 8637
-1 -1
8634 8641
-1 8640
-1 -1
8639 -1
8632 8643
-1 8644
-1 -1
8614 8651
-1 -1
8646 -1
8647 8650
-1 -1
8649 -1
8648 8652
-1 -1
8597 8958
-1 -1
8654 8656
-1 -1
8655 -1
8657 8662
-1 8661
-1 -1
8660 -1
8659 8665
-1 -1
8663 -1
8664 8666
-1 -1
8658 8765
-1 -1
8668 -1
8669 8679
-1 8672
-1 8676
-1 -1
8673 8675
-1 -1
8674 8678
-1 -1
8677 -1
8671 8685
-1 8681
-1 -1
8680 8683
-1 8684
-1 -1
8682 8688
-1 -1
8686 -1
8687 -1
8670 8742
-1 -1
8690 8715
-1 -1
8692 -1
8693 -1
8694 -1
8695 8702
-1 8700
-1 8699
-1 -1
8698 -1
8697 -1
8701 8704
-1 -1
8703 -1
8696 8708
-1 8707
-1 -1
8706 8710
-1 -1
8709 8713
-1 -1
8711 -1
8712 8714
-1 -1
8705 8717
-1 -1
8716 8720
-1 8719
-1 -1
8718 8724
-1 8722
-1 -1
8721 -1
8723 8727
-1 8726
-1 -1
8725 -1
8691 8734
-1 8730
-1 -1
8729 -1
8731 8733
-1 -1
8732 8738
-1 8737
-1 -1
8736 -1
8735 8740
-1 -1
8739 8741
-1 -1
8728 8751
-1 8746
-1 8745
-1 -1
8744 -1
8743 -1
8747 8749
-1 8750
-1 -1
8748 8757
-1 8755
-1 8754
-1 -1
8753 8756
-1 -1
8752 8764
-1 8759
-1 8760
-1 -1
8758 -1
8761 8763
-1 -1
8762 -1
8689 8766
-1 8781
-1 -1
8767 8771
-1 -1
8769 -1
8770 8773
-1 -1
8772 -1
8768 8777
-1 -1
8775 -1
8776 8778
-1 8779
-1 8780
-1 -1
8774 8788
-1 -1
8782 8785
-1 -1
8784 -1
8783 8787
-1 -1
8786 8791
-1 8790
-1 -1
8789 -1
8667 8793
-1 -1
8792 8957
-1 8796
-1 8798
-1 -1
8797 -1
8795 -1
8799 -1
8800 8840
-1 -1
8802 8823
-1 8805
-1 -1
8804 8807
-1 -1
8806 8809
-1 8815
-1 8811
-1 -1
8810 8814
-1 -1
8813 -1
8812 8817
-1 -1
8816 8818
-1 -1
8808 8820
-1 -1
8819 8822
-1 -1
8821 8827
-1 8825
-1 8826
-1 -1
8824 8834
-1 8830
-1 -1
8829 -1
8828 8833
-1 -1
8832 -1
8831 8837
-1 8836
-1 -1
8835 8839
-1 -1
8838 -1
8803 8842
-1 -1
8841 8844
-1 -1
8843 8845
-1 -1
8801 8849
-1 -1
8847 -1
8848 8863
-1 -1
8850 8860
-1 8853
-1 -1
8852 8856
-1 -1
8855 8857
-1 -1
8854 8859
-1 -1
8858 8861
-1 8862
-1 -1
8851 8865
-1 -1
8864 -1
8846 8870
-1 -1
8867 -1
8868 -1
8869 8871
-1 -1
8866 8882
-1 8877
-1 8875
-1 -1
8874 -1
8876 8880
-1 -1
8878 -1
8879 8881
-1 -1
8873 8927
-1 8884
-1 -1
8883 8886
-1 8887
-1 8888
-1 -1
8885 -1
8889 8894
-1 8892
-1 8893
-1 -1
8891 8895
-1 -1
8890 8898
-1 -1
8897 8899
-1 8900
-1 -1
8896 8919
-1 8903
-1 8908
-1 -1
8904 8906
-1 8907
-1 -1
8905 -1
8902 8910
-1 -1
8909 8912
-1 8913
-1 8917
-1 -1
8914 -1
8915 -1
8916 8918
-1 -1
8911 8926
-1 8924
-1 -1
8921 -1
8922 -1
8923 8925
-1 -1
8920 -1
8901 8929
-1 -1
8928 8930
-1 8931
-1 -1
8872 8944
-1 8934
-1 -1
8933 -1
8935 8943
-1 8939
-1 -1
8938 -1
8937 8942
-1 -1
8941 -1
8940 -1
8936 8954
-1 8950
-1 -1
8946 8949
-1 -1
8948 -1
8947 8951
-1 8952
-1 -1
8945 -1
8953 8956
-1 -1
8955 -1
8932 -1
8794 8961
-1 8960
-1 -1
8959 9023
-1 -1
8962 8966
-1 -1
8964 -1
8965 -1
8963 9011
-1 8969
-1 8971
-1 -1
8970 -1
8968 8973
-1 8977
-1 -1
8974 8976
-1 -1
8975 8978
-1 -1
8972 8983
-1 -1
8980 -1
8981 -1
8982 -1
8979 9006
-1 8986
-1 8987
-1 -1
8985 9000
-1 8997
-1 8994
-1 -1
8991 -1
8992 -1
8993 -1
8990 8996
-1 -1
8995 -1
8989 8999
-1 -1
8998 9003
-1 -1
9001 -1
9002 9004
-1 9005
-1 -1
8988 9007
-1 9008
-1 9009
-1 9010
-1 -1
8984 9018
-1 -1
9012 -1
9013 9016
-1 -1
9015 9017
-1 -1
9014 9022
-1 -1
9019 9021
-1 -1
9020 -1
8967 9051
-1 9032
-1 9026
-1 9028
-1 -1
9027 9029
-1 9031
-1 -1
9030 -1
9025 9033
-1 -1
9024 9037
-1 -1
9035 -1
9036 9042
-1 9040
-1 -1
9039 9041
-1 -1
9038 9049
-1 -1
9043 9048
-1 9047
-1 -1
9046 -1
9045 -1
9044 9050
-1 -1
9034 9052
-1 -1
8493 9090
-1 9055
-1 9057
-1 -1
9056 9058
-1 -1
9054 9062
-1 -1
9060 -1
9061 9063
-1 -1
9059 -1
9064 9066
-1 -1
9065 -1
9067 9073
-1 9070
-1 -1
9069 9072
-1 -1
9071 9077
-1 9075
-1 9076
-1 -1
9074 -1
9068 9087
-1 9085
-1 -1
9080 9082
-1 -1
9081 9084
-1 -1
9083 9086
-1 -1
9079 9089
-1 -1
9088 -1
9078 9094
-1 -1
9091 9093
-1 -1
9092 9100
-1 9096
-1 -1
9095 -1
9097 -1
9098 -1
9099 9101
-1 9102
-1 -1
8332 9458
-1 -1
9104 9106
-1 -1
9105 9120
-1 -1
9108 9110
-1 -1
9109 9112
-1 9113
-1 9114
-1 -1
9111 9119
-1 -1
9116 9118
-1 -1
9117 -1
9115 9123
-1 -1
9121 -1
9122 9124
-1 9126
-1 -1
9125 9129
-1 -1
9127 -1
9128 -1
9107 9143
-1 9133
-1 -1
9132 -1
9131 9136
-1 -1
9135 -1
9134 9138
-1 9141
-1 9140
-1 -1
9139 9142
-1 -1
9137 9165
-1 -1
9144 -1
9145 9149
-1 9148
-1 -1
9147 9151
-1 -1
9150 -1
9146 9162
-1 -1
9153 9155
-1 9156
-1 -1
9154 9159
-1 -1
9158 -1
9157 9161
-1 -1
9160 9164
-1 -1
9163 -1
9152 9168
-1 -1
9166 -1
9167 9231
-1 -1
9169 -1
9170 -1
9171 9173
-1 9174
-1 -1
9172 9187
-1 9177
-1 -1
9176 9179
-1 9180
-1 -1
9178 9183
-1 -1
9182 9186
-1 9185
-1 -1
9184 -1
9181 9209
-1 -1
9188 9191
-1 -1
9190 -1
9189 9195
-1 9194
-1 -1
9193 9205
-1 -1
9196 9203
-1 9199
-1 9201
-1 -1
9200 9202
-1 -1
9198 9204
-1 -1
9197 9208
-1 -1
9206 -1
9207 -1
9192 9210
-1 9211
-1 -1
9175 9218
-1 -1
9213 9217
-1 -1
9215 -1
9216 -1
9214 9222
-1 -1
9219 9221
-1 -1
9220 -1
9212 9230
-1 -1
9224 9228
-1 -1
9226 -1
9227 -1
9225 -1
9229 -1
9223 9241
-1 9237
-1 9234
-1 -1
9233 -1
9235 -1
9236 -1
9232 9240
-1 -1
9239 -1
9238 -1
9130 9243
-1 9257
-1 9245
-1 -1
9244 9247
-1 9248
-1 -1
9246 -1
9249 9256
-1 9252
-1 -1
9251 9254
-1 -1
9253 -1
9255 -1
9250 9263
-1 9259
-1 -1
9258 -1
9260 9262
-1 -1
9261 9264
-1 -1
9242 9426
-1 -1
9266 9268
-1 -1
9267 9270
-1 9271
-1 -1
9269 9273
-1 -1
9272 9280
-1 -1
9275 9277
-1 9279
-1 -1
9278 -1
9276 9334
-1 9325
-1 -1
9282 9287
-1 9285
-1 -1
9284 -1
9286 -1
9283 -1
9288 9292
-1 9291
-1 -1
9290 -1
9289 9294
-1 9296
-1 -1
9295 -1
9293 9298
-1 -1
9297 9312
-1 -1
9300 9304
-1 9303
-1 -1
9302 9309
-1 9307
-1 -1
9306 9308
-1 -1
9305 9310
-1 9311
-1 -1
9301 9322
-1 9316
-1 -1
9314 -1
9315 9320
-1 -1
9317 -1
9318 -1
9319 9321
-1 -1
9313 9324
-1 -1
9323 -1
9299 9333
-1 9328
-1 -1
9327 9331
-1 -1
9329 -1
9330 9332
-1 -1
9326 -1
9281 9425
-1 -1
9335 9339
-1 9338
-1 -1
9337 -1
9336 9370
-1 9342
-1 -1
9341 9362
-1 9345
-1 9346
-1 -1
9344 9348
-1 9349
-1 9352
-1 -1
9350 -1
9351 -1
9347 9361
-1 9355
-1 -1
9354 -1
9356 -1
9357 9360
-1 -1
9359 -1
9358 -1
9353 9363
-1 9365
-1 -1
9364 9367
-1 -1
9366 9368
-1 9369
-1 -1
9343 9374
-1 -1
9371 9373
-1 -1
9372 -1
9340 9411
-1 -1
9376 9381
-1 9379
-1 -1
9378 -1
9380 9398
-1 -1
9382 9384
-1 9385
-1 -1
9383 -1
9386 9392
-1 9389
-1 9390
-1 -1
9388 -1
9391 9393
-1 -1
9387 9396
-1 -1
9395 9397
-1 -1
9394 9405
-1 -1
9399 9403
-1 -1
9401 -1
9402 9404
-1 -1
9400 9408
-1 -1
9406 -1
9407 -1
9377 9410
-1 -1
9409 9412
-1 9413
-1 9417
-1 -1
9414 -1
9415 -1
9416 -1
9375 9424
-1 9421
-1 -1
9420 9423
-1 -1
9422 -1
9419 -1
9418 -1
9274 9438
-1 9429
-1 -1
9428 9431
-1 -1
9430 9432
-1 -1
9427 9434
-1 -1
9433 9437
-1 -1
9436 -1
9435 9455
-1 9440
-1 -1
9439 9443
-1 -1
9442 9444
-1 -1
9441 9447
-1 -1
9446 9450
-1 9449
-1 -1
9448 9454
-1 -1
9451 9453
-1 -1
9452 -1
9445 9456
-1 9457
-1 -1
9265 9487
-1 -1
9459 9461
-1 -1
9460 9485
-1 -1
9463 9465
-1 9468
-1 9467
-1 -1
9466 9470
-1 -1
9469 -1
9464 9474
-1 9473
-1 -1
9472 -1
9471 9480
-1 -1
9476 9478
-1 9479
-1 -1
9477 -1
9475 9482
-1 9483
-1 9484
-1 -1
9481 9486
-1 -1
9462 9681
-1 9489
-1 -1
9488 9493
-1 9492
-1 -1
9491 9497
-1 -1
9494 -1
9495 -1
9496 9498
-1 -1
9490 9552
-1 -1
9500 -1
9501 -1
9502 9506
-1 -1
9504 -1
9505 9515
-1 -1
9507 9511
-1 9510
-1 -1
9509 9514
-1 9513
-1 -1
9512 -1
9508 9517
-1 -1
9516 -1
9503 9524
-1 9521
-1 -1
9520 9523
-1 -1
9522 -1
9519 9526
-1 -1
9525 9527
-1 -1
9518 9531
-1 -1
9529 -1
9530 9537
-1 -1
9532 -1
9533 9535
-1 9536
-1 -1
9534 9539
-1 -1
9538 -1
9528 9549
-1 9542
-1 -1
9541 9545
-1 -1
9544 -1
9543 -1
9546 9548
-1 -1
9547 9550
-1 9551
-1 -1
9540 9554
-1 -1
9553 9555
-1 -1
9499 9570
-1 -1
9557 -1
9558 9562
-1 9561
-1 -1
9560 -1
9559 9568
-1 -1
9564 9566
-1 9567
-1 -1
9565 9569
-1 -1
9563 9588
-1 -1
9571 9574
-1 -1
9573 9576
-1 -1
9575 9577
-1 9587
-1 -1
9578 -1
9579 9585
-1 -1
9581 9583
-1 9584
-1 -1
9582 9586
-1 -1
9580 -1
9572 9590
-1 -1
9589 -1
9556 9599
-1 -1
9592 9594
-1 -1
9593 -1
9595 9597
-1 -1
9596 -1
9598 9669
-1 -1
9600 9613
-1 -1
9602 9608
-1 -1
9604 9606
-1 9607
-1 -1
9605 9612
-1 9610
-1 9611
-1 -1
9609 -1
9603 9614
-1 -1
9601 -1
9615 9621
-1 -1
9617 9620
-1 -1
9619 -1
9618 9623
-1 -1
9622 9624
-1 9625
-1 9626
-1 -1
9616 9629
-1 -1
9628 -1
9627 9649
-1 -1
9631 -1
9632 9636
-1 -1
9634 -1
9635 -1
9633 9638
-1 -1
9637 9644
-1 -1
9640 -1
9641 9643
-1 -1
9642 9645
-1 -1
9639 9647
-1 9648
-1 -1
9646 9650
-1 9652
-1 -1
9651 -1
9630 9665
-1 9655
-1 -1
9654 -1
9656 9658
-1 -1
9657 9660
-1 9662
-1 -1
9661 9664
-1 -1
9663 -1
9659 9668
-1 -1
9666 -1
9667 -1
9653 9674
-1 9671
-1 9672
-1 -1
9670 -1
9673 9677
-1 9676
-1 -1
9675 9680
-1 -1
9678 -1
9679 -1
9591 9985
-1 -1
9682 9686
-1 9685
-1 -1
9684 -1
9683 9690
-1 9689
-1 -1
9688 9691
-1 -1
9687 9697
-1 -1
9693 9696
-1 -1
9695 -1
9694 9699
-1 -1
9698 -1
9692 9741
-1 -1
9701 9703
-1 9706
-1 9705
-1 -1
9704 -1
9702 -1
9707 9732
-1 -1
9709 -1
9710 9716
-1 -1
9712 -1
9713 -1
9714 -1
9715 9717
-1 9720
-1 -1
9718 -1
9719 -1
9711 9727
-1 9723
-1 -1
9722 9725
-1 9726
-1 -1
9724 9730
-1 -1
9728 -1
9729 9731
-1 -1
9721 9735
-1 9734
-1 -1
9733 9738
-1 -1
9736 -1
9737 9739
-1 9740
-1 -1
9708 9742
-1 -1
9700 9790
-1 -1
9744 9747
-1 -1
9746 9748
-1 -1
9745 9756
-1 -1
9750 9752
-1 -1
9751 9754
-1 9755
-1 -1
9753 9757
-1 9758
-1 9759
-1 -1
9749 9761
-1 9764
-1 -1
9762 -1
9763 9766
-1 -1
9765 -1
9760 9768
-1 -1
9767 9784
-1 9771
-1 -1
9770 -1
9772 9781
-1 -1
9774 9778
-1 -1
9776 -1
9777 -1
9775 -1
9779 -1
9780 9782
-1 9783
-1 -1
9773 9787
-1 -1
9785 -1
9786 9788
-1 9789
-1 -1
9769 9799
-1 -1
9791 -1
9792 -1
9793 9798
-1 9796
-1 9797
-1 -1
9795 -1
9794 9800
-1 9801
-1 9802
-1 -1
9743 9883
-1 9805
-1 9806
-1 9807
-1 9808
-1 -1
9804 9811
-1 -1
9810 -1
9809 9818
-1 9815
-1 -1
9814 9816
-1 9817
-1 -1
9813 -1
9812 9821
-1 -1
9820 9829
-1 -1
9822 -1
9823 9825
-1 -1
9824 9828
-1 -1
9827 -1
9826 9831
-1 -1
9830 -1
9819 9834
-1 -1
9833 9835
-1 -1
9832 9839
-1 9838
-1 -1
9837 -1
9836 9849
-1 -1
9841 9848
-1 -1
9843 9845
-1 9846
-1 9847
-1 -1
9844 -1
9842 9869
-1 -1
9850 -1
9851 -1
9852 9855
-1 -1
9854 -1
9853 9868
-1 9858
-1 -1
9857 9861
-1 -1
9860 -1
9859 9863
-1 -1
9862 9866
-1 -1
9865 9867
-1 -1
9864 -1
9856 9880
-1 9879
-1 -1
9871 -1
9872 -1
9873 -1
9874 -1
9875 9877
-1 -1
9876 -1
9878 -1
9870 9881
-1 9882
-1 -1
9840 9898
-1 9886
-1 -1
9885 -1
9884 -1
9887 9896
-1 -1
9889 -1
9890 9892
-1 9893
-1 -1
9891 9895
-1 -1
9894 9897
-1 -1
9888 9901
-1 -1
9899 -1
9900 9907
-1 9906
-1 -1
9903 -1
9904 -1
9905 -1
9902 9908
-1 9909
-1 9910
-1 -1
9803 9955
-1 9921
-1 -1
9913 -1
9914 9918
-1 9917
-1 -1
9916 9919
-1 -1
9915 -1
9920 9922
-1 -1
9912 9925
-1 -1
9924 9926
-1 -1
9923 9939
-1 9929
-1 -1
9928 9931
-1 -1
9930 9935
-1 9934
-1 -1
9933 -1
9932 9938
-1 -1
9937 -1
9936 -1
9927 9948
-1 -1
9941 9943
-1 9947
-1 -1
9944 9946
-1 -1
9945 -1
9942 9951
-1 9950
-1 -1
9949 9952
-1 9953
-1 9954
-1 -1
9940 9971
-1 -1
9956 9958
-1 9959
-1 9961
-1 -1
9960 -1
9957 9969
-1 -1
9963 -1
9964 9968
-1 -1
9966 -1
9967 -1
9965 9970
-1 -1
9962 9979
-1 9973
-1 9974
-1 9978
-1 -1
9975 9977
-1 -1
9976 -1
9972 9981
-1 -1
9980 9982
-1 9983
-1 9984
-1 -1
9911 9996
-1 -1
9986 9988
-1 -1
9987 9990
-1 9991
-1 -1
9989 9995
-1 9994
-1 -1
9993 -1
9992 9999
-1 -1
9997 -1
9998 10000
-1 -1