-1 2
-1 -1
1 -1
3 303
-1 -1
5 8
-1 -1
7 -1
6 11
-1 -1
10 13
-1 -1
12 15
-1 -1
14 16
-1 -1
9 -1
17 59
-1 20
-1 25
-1 -1
21 -1
22 24
-1 -1
23 26
-1 -1
19 30
-1 29
-1 -1
28 36
-1 -1
31 -1
32 34
-1 35
-1 -1
33 38
-1 -1
37 -1
27 42
-1 41
-1 -1
40 48
-1 44
-1 45
-1 -1
43 47
-1 -1
46 53
-1 50
-1 52
-1 -1
51 -1
49 55
-1 -1
54 56
-1 57
-1 58
-1 -1
39 65
-1 61
-1 -1
60 63
-1 64
-1 -1
62 67
-1 -1
66 68
-1 -1
18 85
-1 72
-1 -1
71 -1
70 -1
73 80
-1 -1
75 -1
76 78
-1 79
-1 -1
77 81
-1 82
-1 84
-1 -1
83 -1
74 94
-1 -1
86 89
-1 -1
88 90
-1 -1
87 93
-1 -1
92 -1
91 96
-1 -1
95 -1
69 100
-1 99
-1 -1
98 101
-1 102
-1 -1
97 110
-1 -1
104 -1
105 -1
106 109
-1 -1
108 -1
107 113
-1 112
-1 -1
111 114
-1 115
-1 -1
103 137
-1 -1
117 -1
118 -1
119 122
-1 -1
121 123
-1 -1
120 132
-1 128
-1 -1
126 -1
127 -1
125 130
-1 131
-1 -1
129 134
-1 -1
133 136
-1 -1
135 -1
124 141
-1 139
-1 140
-1 -1
138 180
-1 149
-1 145
-1 -1
144 147
-1 -1
146 148
-1 -1
143 -1
142 151
-1 -1
150 153
-1 155
-1 -1
154 177
-1 157
-1 -1
156 165
-1 -1
159 161
-1 -1
160 164
-1 -1
163 -1
162 -1
158 170
-1 -1
167 169
-1 -1
168 172
-1 -1
171 173
-1 -1
166 175
-1 176
-1 -1
174 179
-1 -1
178 -1
152 187
-1 -1
181 183
-1 -1
182 186
-1 -1
185 -1
184 189
-1 -1
188 194
-1 192
-1 -1
191 193
-1 -1
190 -1
116 205
-1 -1
196 -1
197 -1
198 202
-1 -1
200 -1
201 203
-1 204
-1 -1
199 288
-1 207
-1 -1
206 214
-1 -1
209 211
-1 -1
210 213
-1 -1
212 216
-1 -1
215 -1
208 221
-1 -1
218 220
-1 -1
219 225
-1 -1
222 -1
223 -1
224 226
-1 227
-1 -1
217 232
-1 -1
229 231
-1 -1
230 -1
228 238
-1 -1
234 -1
235 237
-1 -1
236 240
-1 -1
239 242
-1 -1
241 -1
233 246
-1 -1
244 -1
245 249
-1 248
-1 -1
247 250
-1 251
-1 -1
243 253
-1 254
-1 -1
252 260
-1 -1
256 -1
257 259
-1 -1
258 269
-1 -1
261 -1
262 264
-1 -1
263 268
-1 -1
266 -1
267 -1
265 270
-1 -1
255 276
-1 -1
272 274
-1 275
-1 -1
273 283
-1 -1
277 -1
278 280
-1 281
-1 282
-1 -1
279 284
-1 285
-1 286
-1 287
-1 -1
271 291
-1 -1
289 -1
290 298
-1 295
-1 294
-1 -1
293 297
-1 -1
296 -1
292 -1
195 302
-1 301
-1 -1
300 -1
299 351
-1 -1
304 308
-1 307
-1 -1
306 -1
305 311
-1 -1
310 -1
309 324
-1 318
-1 317
-1 316
-1 -1
315 -1
314 -1
313 -1
319 322
-1 -1
321 323
-1 -1
320 328
-1 -1
325 327
-1 -1
326 329
-1 -1
312 332
-1 -1
331 340
-1 336
-1 335
-1 -1
334 -1
333 -1
337 339
-1 -1
338 346
-1 -1
341 344
-1 -1
343 -1
342 -1
345 349
-1 -1
347 -1
348 -1
330 -1
350 418
-1 -1
352 -1
353 356
-1 -1
355 -1
354 358
-1 -1
357 361
-1 -1
360 362
-1 -1
359 380
-1 373
-1 -1
365 367
-1 -1
366 370
-1 -1
369 -1
368 372
-1 -1
371 -1
364 375
-1 377
-1 -1
376 378
-1 379
-1 -1
374 382
-1 -1
381 -1
363 385
-1 -1
384 386
-1 -1
383 410
-1 391
-1 390
-1 -1
389 -1
388 -1
392 401
-1 395
-1 -1
394 -1
396 400
-1 399
-1 -1
398 -1
397 404
-1 -1
402 -1
403 405
-1 409
-1 408
-1 -1
407 -1
406 -1
393 416
-1 413
-1 -1
412 -1
411 415
-1 -1
414 417
-1 -1
387 427
-1 -1
419 421
-1 424
-1 423
-1 -1
422 -1
420 426
-1 -1
425 434
-1 -1
428 431
-1 -1
430 433
-1 -1
432 -1
429 435
-1 -1
4 749
-1 -1
437 439
-1 -1
438 441
-1 -1
440 -1
442 444
-1 447
-1 446
-1 -1
445 448
-1 -1
443 455
-1 -1
450 454
-1 453
-1 -1
452 -1
451 458
-1 -1
456 -1
457 -1
449 534
-1 463
-1 462
-1 -1
461 464
-1 465
-1 -1
460 469
-1 468
-1 -1
467 470
-1 -1
466 474
-1 473
-1 -1
472 475
-1 -1
471 501
-1 478
-1 480
-1 -1
479 481
-1 482
-1 -1
477 487
-1 -1
484 486
-1 -1
485 489
-1 -1
488 -1
483 491
-1 492
-1 -1
490 497
-1 495
-1 496
-1 -1
494 499
-1 -1
498 500
-1 -1
493 509
-1 -1
502 -1
503 505
-1 506
-1 -1
504 508
-1 -1
507 513
-1 512
-1 -1
511 -1
510 529
-1 -1
514 517
-1 -1
516 -1
515 520
-1 -1
519 -1
518 525
-1 -1
522 -1
523 -1
524 526
-1 528
-1 -1
527 -1
521 530
-1 533
-1 -1
531 -1
532 -1
476 543
-1 536
-1 -1
535 541
-1 539
-1 540
-1 -1
538 542
-1 -1
537 -1
459 555
-1 546
-1 547
-1 -1
545 -1
548 551
-1 -1
550 -1
549 553
-1 554
-1 -1
552 582
-1 560
-1 558
-1 -1
557 -1
559 563
-1 562
-1 -1
561 565
-1 -1
564 566
-1 -1
556 575
-1 569
-1 -1
568 572
-1 -1
571 574
-1 -1
573 -1
570 577
-1 -1
576 581
-1 -1
578 -1
579 -1
580 -1
567 585
-1 584
-1 -1
583 590
-1 -1
586 588
-1 589
-1 -1
587 -1
544 596
-1 -1
592 594
-1 595
-1 -1
593 620
-1 598
-1 -1
597 600
-1 601
-1 602
-1 -1
599 604
-1 -1
603 609
-1 607
-1 608
-1 -1
606 613
-1 611
-1 -1
610 -1
612 617
-1 -1
614 616
-1 -1
615 618
-1 619
-1 -1
605 625
-1 622
-1 624
-1 -1
623 -1
621 635
-1 630
-1 -1
627 -1
628 -1
629 634
-1 632
-1 -1
631 -1
633 -1
626 639
-1 638
-1 -1
637 -1
636 -1
591 739
-1 643
-1 -1
642 -1
641 645
-1 -1
644 648
-1 -1
647 -1
646 700
-1 658
-1 652
-1 -1
651 654
-1 657
-1 656
-1 -1
655 -1
653 660
-1 -1
659 -1
650 671
-1 -1
662 670
-1 667
-1 666
-1 -1
665 669
-1 -1
668 -1
664 -1
663 672
-1 -1
661 674
-1 -1
673 678
-1 677
-1 -1
676 683
-1 681
-1 -1
680 682
-1 -1
679 692
-1 685
-1 687
-1 -1
686 -1
684 691
-1 -1
689 -1
690 -1
688 698
-1 -1
693 695
-1 696
-1 697
-1 -1
694 699
-1 -1
675 702
-1 -1
701 729
-1 704
-1 705
-1 -1
703 713
-1 708
-1 -1
707 710
-1 712
-1 -1
711 -1
709 724
-1 -1
714 718
-1 717
-1 -1
716 721
-1 -1
719 -1
720 722
-1 723
-1 -1
715 727
-1 -1
725 -1
726 728
-1 -1
706 730
-1 -1
649 734
-1 -1
732 -1
733 737
-1 -1
735 -1
736 738
-1 -1
731 748
-1 747
-1 -1
741 744
-1 -1
743 745
-1 746
-1 -1
742 -1
740 -1
640 792
-1 -1
750 753
-1 -1
752 -1
751 756
-1 -1
755 764
-1 758
-1 -1
757 -1
759 761
-1 -1
760 763
-1 -1
762 -1
754 778
-1 774
-1 768
-1 -1
767 -1
769 771
-1 -1
770 773
-1 -1
772 -1
766 777
-1 -1
776 -1
775 782
-1 -1
779 -1
780 -1
781 785
-1 784
-1 -1
783 789
-1 -1
786 -1
787 -1
788 790
-1 -1
765 -1
791 817
-1 813
-1 795
-1 -1
794 804
-1 -1
797 801
-1 800
-1 -1
799 -1
798 803
-1 -1
802 806
-1 -1
805 -1
796 810
-1 -1
808 -1
809 811
-1 812
-1 -1
807 815
-1 -1
814 816
-1 -1
793 820
-1 819
-1 -1
818 824
-1 -1
821 -1
822 -1
823 825
-1 -1
436 875
-1 -1
827 829
-1 832
-1 831
-1 -1
830 833
-1 -1
828 835
-1 -1
834 -1
836 844
-1 -1
838 840
-1 -1
839 842
-1 843
-1 -1
841 -1
837 851
-1 -1
846 850
-1 -1
848 -1
849 -1
847 858
-1 -1
852 854
-1 857
-1 856
-1 -1
855 -1
853 859
-1 860
-1 -1
845 862
-1 865
-1 864
-1 -1
863 870
-1 -1
866 869
-1 -1
868 -1
867 871
-1 -1
861 874
-1 -1
873 -1
872 898
-1 879
-1 -1
877 -1
878 880
-1 -1
876 882
-1 884
-1 -1
883 -1
881 891
-1 887
-1 888
-1 -1
886 890
-1 -1
889 -1
885 895
-1 894
-1 -1
893 896
-1 897
-1 -1
892 932
-1 -1
899 901
-1 -1
900 905
-1 -1
903 -1
904 -1
902 911
-1 908
-1 -1
907 -1
909 -1
910 914
-1 913
-1 -1
912 -1
906 916
-1 930
-1 918
-1 -1
917 926
-1 -1
920 -1
921 923
-1 925
-1 -1
924 -1
922 929
-1 928
-1 -1
927 -1
919 931
-1 -1
915 947
-1 -1
933 935
-1 -1
934 -1
936 944
-1 939
-1 940
-1 -1
938 -1
941 943
-1 -1
942 -1
937 946
-1 -1
945 957
-1 949
-1 -1
948 954
-1 -1
951 -1
952 -1
953 955
-1 956
-1 -1
950 974
-1 959
-1 962
-1 -1
960 -1
961 -1
958 971
-1 965
-1 -1
964 967
-1 969
-1 -1
968 -1
966 -1
970 973
-1 -1
972 -1
963 988
-1 976
-1 977
-1 -1
975 979
-1 -1
978 981
-1 986
-1 983
-1 -1
982 985
-1 -1
984 987
-1 -1
980 993
-1 990
-1 991
-1 992
-1 -1
989 997
-1 995
-1 -1
994 -1
996 1000
-1 -1
998 -1
999 -1