70
337 716 214
371 94 249
299 551 254
401 454 338
338 494 514
441 501 298
145 231 677
115 278 387
428 621 143
328 711 174
574 611 72
654 244 302
500 437 477
118 504 689
302 757 284
442 463 78
375 383 693
756 101 195
85 602 470
588 614 449
105 674 110
128 281 229
331 401 711
393 197 586
605 457 267
341 231 274
74 389 363
681 716 541
217 452 532
591 719 394
334 120 710
390 649 490
357 220 220
431 256 756
359 580 476
535 547 250
156 671 97
140 256 404
465 307 491
317 224 642
436 694 86
425 588 154
457 245 620
453 347 682
80 570 330
203 335 412
593 518 185
597 138 200
285 510 497
131 552 703
704 199 207
463 435 233
653 513 498
474 347 602
398 367 422
486 695 182
112 86 617
528 130 534
664 104 206
533 82 384
710 204 637
380 248 334
207 534 96
708 533 438
366 293 544
181 628 610
136 258 549
224 229 546
311 600 507
717 267 686