123456 6
123455
123454
123453
123452
123451
123445 5
123444
123443
123442
123441
123434 4
123433
123432
123431
123423 3
123422
123421
123412 2
123411 -- 20
123345 5
123344
123343
123342
123341
123334 4
123333
123332
123331
123323 3
123322
123321
123312 2
123311 -- 14 = 34
123234 4
123233
123232
123231
123223 3
123222
123221
123212 2
123211 -- 9 = 43
123123 3
123122
123121
123112 2
123111 -- 5 = 48
122345 5
122344
122343
122342
122341
122334 4
122333
122332
122331
122323 3
122322
122321
122312 2
122311 -- 14 = 62
122234 4
122233
122232
122231
122223 3
122222
122221
122212 2
122211 -- 9 71
122123 3
122122
122121
122112 2
122111 -- 14 -

121234
121233
121232
121231
121223
121222
121221
121212
121211
121123
121122
121121
121112
121111
112345
112344
112343
112342
112341
112334
112333
112332
112331
112323
112322
112321
112312
112311
112234
112233
112232
112231
112223
112222
112221
112212
112211
112123
112122
112121
112112
112111
111234
111233
111232
111231
111223
111222
111221
111212
111211
111123
111122
111121
111112
111111
