100 100000
500 10000 250 5000
1000 20000 500 10000
1500 30000 750 15000
2000 40000 1000 20000
2500 50000 1250 25000
3000 60000 1500 30000
3500 70000 1750 35000
4000 80000 2000 40000
4500 90000 2250 45000
5000 100000 2500 50000
5500 110000 2750 55000
6000 120000 3000 60000
6500 130000 3250 65000
7000 140000 3500 70000
7500 150000 3750 75000
8000 160000 4000 80000
8500 170000 4250 85000
9000 180000 4500 90000
9500 190000 4750 95000
10000 200000 5000 100000
10500 210000 5250 105000
11000 220000 5500 110000
11500 230000 5750 115000
12000 240000 6000 120000
12500 250000 6250 125000
13000 260000 6500 130000
13500 270000 6750 135000
14000 280000 7000 140000
14500 290000 7250 145000
15000 300000 7500 150000
15500 310000 7750 155000
16000 320000 8000 160000
16500 330000 8250 165000
17000 340000 8500 170000
17500 350000 8750 175000
18000 360000 9000 180000
18500 370000 9250 185000
19000 380000 9500 190000
19500 390000 9750 195000
20000 400000 10000 200000
20500 410000 10250 205000
21000 420000 10500 210000
21500 430000 10750 215000
22000 440000 11000 220000
22500 450000 11250 225000
23000 460000 11500 230000
23500 470000 11750 235000
24000 480000 12000 240000
24500 490000 12250 245000
25000 500000 12500 250000
25500 510000 12750 255000
26000 520000 13000 260000
26500 530000 13250 265000
27000 540000 13500 270000
27500 550000 13750 275000
28000 560000 14000 280000
28500 570000 14250 285000
29000 580000 14500 290000
29500 590000 14750 295000
30000 600000 15000 300000
30500 610000 15250 305000
31000 620000 15500 310000
31500 630000 15750 315000
32000 640000 16000 320000
32500 650000 16250 325000
33000 660000 16500 330000
33500 670000 16750 335000
34000 680000 17000 340000
34500 690000 17250 345000
35000 700000 17500 350000
35500 710000 17750 355000
36000 720000 18000 360000
36500 730000 18250 365000
37000 740000 18500 370000
37500 750000 18750 375000
38000 760000 19000 380000
38500 770000 19250 385000
39000 780000 19500 390000
39500 790000 19750 395000
40000 800000 20000 400000
40500 810000 20250 405000
41000 820000 20500 410000
41500 830000 20750 415000
42000 840000 21000 420000
42500 850000 21250 425000
43000 860000 21500 430000
43500 870000 21750 435000
44000 880000 22000 440000
44500 890000 22250 445000
45000 900000 22500 450000
45500 910000 22750 455000
46000 920000 23000 460000
46500 930000 23250 465000
47000 940000 23500 470000
47500 950000 23750 475000
48000 960000 24000 480000
48500 970000 24250 485000
49000 980000 24500 490000
49500 990000 24750 495000
50000 1000000 25000 500000
