1 1000000000000 500000000000
500000000001 1000000000000 750000000000
750000000001 1000000000000 875000000000
875000000001 1000000000000 937500000000
937500000001 1000000000000 968750000000
968750000001 1000000000000 984375000000
984375000001 1000000000000 992187500000
992187500001 1000000000000 996093750000
996093750001 1000000000000 998046875000
998046875001 1000000000000 999023437500
999023437501 1000000000000 999511718750
999511718751 1000000000000 999755859375
999755859376 1000000000000 999877929688
999877929689 1000000000000 999938964844
999938964845 1000000000000 999969482422
999969482423 1000000000000 999984741211
999984741212 1000000000000 999992370606
999992370607 1000000000000 999996185303
999996185304 1000000000000 999998092652
999998092653 1000000000000 999999046326
999999046327 1000000000000 999999523163
999999523164 1000000000000 999999761582
999999761583 1000000000000 999999880791
999999880792 1000000000000 999999940396
999999940397 1000000000000 999999970198
999999970199 1000000000000 999999985099
999999985100 1000000000000 999999992550
999999992551 1000000000000 999999996275
999999996276 1000000000000 999999998138
999999998139 1000000000000 999999999069
999999999070 1000000000000 999999999535
999999999536 1000000000000 999999999768
999999999769 1000000000000 999999999884
999999999885 1000000000000 999999999942
999999999943 1000000000000 999999999971
999999999972 1000000000000 999999999986
999999999987 1000000000000 999999999993
999999999994 1000000000000 999999999997
999999999998 1000000000000 999999999999
1000000000000 1000000000000 1000000000000
1000000000000
