100 10000
5000 1 2
5000 2 2
5000 3 2
5000 4 2
5000 5 2
5000 6 2
5000 7 2
5000 8 2
5000 9 2
5000 10 2
5000 11 2
5000 12 2
5000 13 2
5000 14 2
5000 15 2
5000 16 2
5000 17 2
5000 18 2
5000 19 2
5000 20 2
5000 21 2
5000 22 2
5000 23 2
5000 24 2
5000 25 2
5000 26 2
5000 27 2
5000 28 2
5000 29 2
5000 30 2
5000 31 2
5000 32 2
5000 33 2
5000 34 2
5000 35 2
5000 36 2
5000 37 2
5000 38 2
5000 39 2
5000 40 2
5000 41 2
5000 42 2
5000 43 2
5000 44 2
5000 45 2
5000 46 2
5000 47 2
5000 48 2
5000 49 2
5000 50 2
5000 51 2
5000 52 2
5000 53 2
5000 54 2
5000 55 2
5000 56 2
5000 57 2
5000 58 2
5000 59 2
5000 60 2
5000 61 2
5000 62 2
5000 63 2
5000 64 2
5000 65 2
5000 66 2
5000 67 2
5000 68 2
5000 69 2
5000 70 2
5000 71 2
5000 72 2
5000 73 2
5000 74 2
5000 75 2
5000 76 2
5000 77 2
5000 78 2
5000 79 2
5000 80 2
5000 81 2
5000 82 2
5000 83 2
5000 84 2
5000 85 2
5000 86 2
5000 87 2
5000 88 2
5000 89 2
5000 90 2
5000 91 2
5000 92 2
5000 93 2
5000 94 2
5000 95 2
5000 96 2
5000 97 2
5000 98 2
5000 99 2
5000 100 2
