100 600
1 4
2 3
3 2
4 1
5 2
6 3
7 4
8 3
9 2
10 1
11 2
12 3
13 4
14 3
15 2
16 1
17 2
18 3
19 4
20 3
21 2
22 1
23 2
24 3
25 4
26 3
27 2
28 1
29 2
30 3
31 4
32 3
33 2
34 1
35 2
36 3
37 4
38 3
39 2
40 1
41 2
42 3
43 4
44 3
45 2
46 1
47 2
48 3
49 4
50 3
51 2
52 1
53 2
54 3
55 4
56 3
57 2
58 1
59 2
60 3
61 4
62 3
63 2
64 1
65 2
66 3
67 4
68 3
69 2
70 1
71 2
72 3
73 4
74 3
75 2
76 1
77 2
78 3
79 4
80 3
81 2
82 1
83 2
84 3
85 4
86 3
87 2
88 1
89 2
90 3
91 4
92 3
93 2
94 1
95 2
96 3
97 4
98 3
99 2
100 1
