64 64 32 16 256 0 32 0 512 0 0 128 0 0 0 128 16 64 16 0
16 16 64 0 0 128 64 0 0 0 8 0 256 0 512 128 32 0 16 32
0 128 0 0 0 32 32 64 0 0 0 0 0 32 16 64 0 16 0 0
0 0 0 128 0 128 512 0 0 32 256 32 64 0 32 0 64 0 0 0
0 0 0 16 0 16 0 0 32 0 32 0 0 0 64 0 64 64 0 64
16 0 64 32 128 64 0 128 16 0 0 0 64 0 0 128 0 64 0 128
0 64 32 64 64 0 0 0 128 0 0 0 512 32 0 64 0 0 64 0
0 0 0 0 0 8 256 0 0 32 0 0 0 0 0 8 128 16 0 64
0 8 0 16 0 0 0 128 0 16 16 0 32 0 0 0 0 64 128 128
0 16 16 32 64 0 64 256 0 16 128 128 0 0 64 0 16 0 0 0
0 0 0 16 0 0 0 0 32 0 8 16 128 64 256 0 32 16 128 0
0 256 16 256 0 16 32 8 128 64 0 32 32 512 0 16 0 8 16 0
64 8 16 0 0 0 0 0 128 64 0 128 0 0 8 0 16 0 0 0
0 0 0 0 32 64 0 8 0 0 32 0 0 0 16 128 256 0 128 0
64 8 0 16 32 0 0 0 8 64 64 0 0 0 0 256 64 0 16 0
0 0 32 0 32 32 8 0 0 0 64 0 32 0 0 16 64 128 0 32
0 0 8 64 0 64 0 0 128 64 64 0 0 0 0 32 128 0 128 16
0 0 0 0 32 0 0 32 32 0 16 0 128 0 0 0 0 256 0 32
16 256 0 64 0 16 0 64 0 32 64 32 0 0 0 64 32 64 0 0
16 8 0 32 64 256 0 0 0 128 8 0 32 0 64 0 0 0 64 128